

Software Version,3.11.19



Experiment File Path:,C:\Shared Files\Data\GSF-IMS-Yeast\2025-04-22_URA-assay_16-variants\2025-04-22_URA-assay_16-variants_single-read_1-0_Epoch1.xpt
Protocol File Path:,\\129.6.167.34\Protocols\GSF-IMS-Yeast\Growth Plate w Membrane single read.30C.1C.prt



Plate Number,Plate 1
Date,4/22/2025
Time,5:25:12 PM
Reader Type:,Epoch 2
Reader Serial Number:,18041011
Reading Type,Reader

Procedure Details

Plate Type,Growth Plate w Membrane
Set Temperature,Setpoint 30°C, Gradient 1 °C
,Preheat before moving to next step
Shake,Double Orbital: 0:10 (MM:SS)
,Frequency: 807 cpm (1 mm)
Read,Absorbance Endpoint
,Full Plate
,Wavelengths:  600, 700
,Read Speed: Normal,  Delay: 100 msec,  Measurements/Data Point: 8



Actual Temperature:,30.1



Actual Temperature:,30.1

Results
,1,2,3,4,5,6,7,8,9,10,11,12
A,0.134,0.122,0.152,0.151,0.141,0.135,0.159,0.160,0.142,0.137,0.172,0.178,600
,0.134,0.115,0.150,0.142,0.133,0.131,0.151,0.154,0.135,0.132,0.167,0.169,700
B,0.125,0.117,0.150,0.152,0.134,0.130,0.163,0.165,0.148,0.131,0.167,0.174,600
,0.122,0.113,0.144,0.146,0.127,0.124,0.154,0.157,0.138,0.122,0.161,0.168,700
C,0.106,0.136,0.155,0.147,0.111,0.134,0.179,0.167,0.118,0.131,0.171,0.163,600
,0.101,0.130,0.147,0.139,0.110,0.129,0.173,0.160,0.110,0.124,0.165,0.155,700
D,0.106,0.121,0.167,0.152,0.115,0.134,0.177,0.152,0.110,0.135,0.189,0.161,600
,0.102,0.115,0.158,0.147,0.113,0.127,0.168,0.149,0.107,0.127,0.181,0.157,700
E,0.137,0.140,0.122,0.149,0.131,0.155,0.129,0.171,0.146,0.160,0.125,0.167,600
,0.130,0.134,0.117,0.144,0.127,0.146,0.124,0.166,0.140,0.151,0.119,0.165,700
F,0.131,0.141,0.114,0.158,0.138,0.155,0.126,0.147,0.147,0.149,0.129,0.172,600
,0.126,0.134,0.112,0.151,0.134,0.146,0.118,0.145,0.138,0.147,0.123,0.170,700
G,0.137,0.126,0.135,0.152,0.145,0.140,0.147,0.174,0.154,0.139,0.150,0.176,600
,0.130,0.119,0.131,0.143,0.134,0.131,0.141,0.163,0.144,0.132,0.144,0.174,700
H,0.136,0.126,0.134,0.162,0.151,0.132,0.141,0.186,0.154,0.141,0.150,0.178,600
,0.133,0.121,0.129,0.162,0.141,0.127,0.134,0.173,0.141,0.133,0.143,0.172,700

