

Software Version,3.11.19



Experiment File Path:,C:\Shared Files\Data\GSF-IMS-Yeast\2025-01-24_URA-assay_16-variants\2025-01-24_URA-assay_16-variants_single-read_1-0_Epoch1.xpt
Protocol File Path:,\\129.6.167.34\Protocols\GSF-IMS-Yeast\Growth Plate w Membrane single read.30C.1C.prt



Plate Number,Plate 1
Date,1/24/2025
Time,5:39:22 PM
Reader Type:,Epoch 2
Reader Serial Number:,18041011
Reading Type,Reader

Procedure Details

Plate Type,Growth Plate w Membrane
Set Temperature,Setpoint 30°C, Gradient 1 °C
,Preheat before moving to next step
Shake,Double Orbital: 0:10 (MM:SS)
,Frequency: 807 cpm (1 mm)
Read,Absorbance Endpoint
,Full Plate
,Wavelengths:  600, 700
,Read Speed: Normal,  Delay: 100 msec,  Measurements/Data Point: 8



Actual Temperature:,30.1



Actual Temperature:,30.1

Results
,1,2,3,4,5,6,7,8,9,10,11,12
A,0.181,0.146,0.164,0.170,0.182,0.173,0.186,0.182,0.181,0.168,0.192,0.183,600
,0.165,0.141,0.161,0.164,0.173,0.162,0.178,0.172,0.175,0.159,0.184,0.173,700
B,0.176,0.154,0.176,0.157,0.175,0.158,0.185,0.172,0.179,0.172,0.182,0.177,600
,0.166,0.148,0.170,0.149,0.164,0.149,0.176,0.162,0.171,0.162,0.173,0.170,700
C,0.158,0.156,0.163,0.183,0.192,0.176,0.172,0.205,0.185,0.197,0.194,0.188,600
,0.149,0.152,0.156,0.170,0.185,0.167,0.170,0.201,0.175,0.187,0.182,0.181,700
D,0.162,0.153,0.176,0.181,0.183,0.189,0.184,0.181,0.171,0.170,0.172,0.179,600
,0.152,0.146,0.166,0.176,0.177,0.179,0.175,0.177,0.157,0.163,0.166,0.177,700
E,0.145,0.147,0.167,0.162,0.162,0.166,0.188,0.168,0.167,0.175,0.178,0.182,600
,0.138,0.140,0.158,0.155,0.155,0.160,0.184,0.160,0.161,0.169,0.171,0.179,700
F,0.157,0.153,0.165,0.158,0.156,0.175,0.175,0.163,0.161,0.166,0.179,0.176,600
,0.154,0.146,0.157,0.150,0.149,0.167,0.166,0.159,0.150,0.158,0.175,0.174,700
G,0.189,0.168,0.175,0.177,0.169,0.196,0.180,0.178,0.180,0.208,0.181,0.206,600
,0.175,0.165,0.170,0.170,0.159,0.184,0.168,0.173,0.167,0.196,0.175,0.209,700
H,0.163,0.174,0.148,0.174,0.179,0.197,0.169,0.193,0.189,0.215,0.186,0.191,600
,0.151,0.166,0.148,0.165,0.170,0.188,0.170,0.187,0.170,0.199,0.181,0.187,700

