

Software Version,3.11.19



Experiment File Path:,C:\Shared Files\Data\GSF-IMS-Yeast\2025-01-09_URA-assay_12-variants\2025-01-09_URA-assay_12-variants_single-read_1-0_Epoch1.xpt
Protocol File Path:,\\129.6.167.34\Protocols\GSF-IMS-Yeast\Growth Plate w Membrane single read.30C.1C.prt



Plate Number,Plate 1
Date,1/9/2025
Time,6:17:52 PM
Reader Type:,Epoch 2
Reader Serial Number:,18041011
Reading Type,Reader

Procedure Details

Plate Type,Growth Plate w Membrane
Set Temperature,Setpoint 30°C, Gradient 1 °C
,Preheat before moving to next step
Shake,Double Orbital: 0:10 (MM:SS)
,Frequency: 807 cpm (1 mm)
Read,Absorbance Endpoint
,Full Plate
,Wavelengths:  600, 700
,Read Speed: Normal,  Delay: 100 msec,  Measurements/Data Point: 8



Actual Temperature:,30.1



Actual Temperature:,30.1

Results
,1,2,3,4,5,6,7,8,9,10,11,12
A,0.095,0.096,0.094,0.094,0.137,0.140,0.147,0.161,0.097,0.094,0.103,0.112,600
,0.091,0.091,0.093,0.092,0.133,0.133,0.138,0.153,0.092,0.092,0.102,0.103,700
B,0.090,0.087,0.094,0.099,0.141,0.152,0.147,0.149,0.095,0.103,0.106,0.105,600
,0.090,0.087,0.089,0.091,0.133,0.147,0.139,0.139,0.087,0.097,0.100,0.102,700
C,0.123,0.151,0.139,0.149,0.083,0.087,0.091,0.085,0.121,0.134,0.141,0.133,600
,0.124,0.144,0.132,0.141,0.079,0.084,0.086,0.082,0.115,0.130,0.132,0.128,700
D,0.139,0.141,0.134,0.151,0.085,0.086,0.087,0.092,0.124,0.130,0.129,0.128,600
,0.134,0.133,0.127,0.145,0.081,0.084,0.086,0.087,0.118,0.128,0.124,0.128,700
E,0.123,0.123,0.126,0.145,0.137,0.143,0.153,0.161,0.085,0.086,0.085,0.094,600
,0.123,0.122,0.125,0.139,0.131,0.132,0.149,0.152,0.080,0.083,0.083,0.089,700
F,0.130,0.135,0.134,0.139,0.131,0.146,0.145,0.146,0.085,0.088,0.090,0.090,600
,0.123,0.130,0.129,0.136,0.128,0.138,0.139,0.146,0.079,0.085,0.087,0.087,700
G,0.149,0.146,0.147,0.155,0.139,0.144,0.153,0.147,0.115,0.128,0.130,0.126,600
,0.138,0.141,0.139,0.148,0.133,0.134,0.148,0.145,0.111,0.123,0.128,0.125,700
H,0.140,0.155,0.150,0.156,0.149,0.158,0.154,0.158,0.125,0.129,0.125,0.138,600
,0.142,0.145,0.147,0.151,0.138,0.150,0.146,0.150,0.120,0.124,0.127,0.130,700

