

Software Version,3.11.19



Experiment File Path:,C:\Shared Files\Data\GSF-IMS-Yeast\2025-01-18_URA-assay_16-variants\2025-01-18_URA-assay_16-variants_single-read_1-0_Epoch1.xpt
Protocol File Path:,\\129.6.167.34\Protocols\GSF-IMS-Yeast\Growth Plate w Membrane single read.30C.1C.prt



Plate Number,Plate 1
Date,1/18/2025
Time,6:16:17 PM
Reader Type:,Epoch 2
Reader Serial Number:,18041011
Reading Type,Reader

Procedure Details

Plate Type,Growth Plate w Membrane
Set Temperature,Setpoint 30°C, Gradient 1 °C
,Preheat before moving to next step
Shake,Double Orbital: 0:10 (MM:SS)
,Frequency: 807 cpm (1 mm)
Read,Absorbance Endpoint
,Full Plate
,Wavelengths:  600, 700
,Read Speed: Normal,  Delay: 100 msec,  Measurements/Data Point: 8



Actual Temperature:,30.0



Actual Temperature:,30.0

Results
,1,2,3,4,5,6,7,8,9,10,11,12
A,0.121,0.129,0.141,0.167,0.152,0.152,0.176,0.178,0.140,0.145,0.170,0.181,600
,0.120,0.123,0.141,0.161,0.151,0.145,0.168,0.171,0.131,0.139,0.160,0.181,700
B,0.128,0.136,0.145,0.171,0.136,0.147,0.168,0.166,0.131,0.146,0.159,0.176,600
,0.122,0.132,0.139,0.163,0.130,0.142,0.159,0.157,0.124,0.140,0.153,0.169,700
C,0.131,0.123,0.145,0.171,0.147,0.143,0.171,0.187,0.150,0.132,0.161,0.181,600
,0.126,0.117,0.140,0.162,0.143,0.135,0.165,0.178,0.140,0.129,0.157,0.177,700
D,0.144,0.117,0.156,0.167,0.149,0.137,0.174,0.183,0.156,0.134,0.173,0.180,600
,0.143,0.112,0.152,0.162,0.145,0.133,0.174,0.179,0.151,0.131,0.165,0.182,700
E,0.139,0.121,0.171,0.162,0.154,0.141,0.175,0.186,0.145,0.130,0.188,0.182,600
,0.137,0.117,0.166,0.159,0.148,0.136,0.171,0.187,0.139,0.123,0.180,0.185,700
F,0.149,0.123,0.168,0.174,0.171,0.132,0.199,0.178,0.138,0.128,0.195,0.186,600
,0.145,0.119,0.161,0.173,0.167,0.129,0.192,0.173,0.132,0.122,0.190,0.178,700
G,0.151,0.147,0.151,0.137,0.169,0.158,0.174,0.148,0.163,0.148,0.163,0.166,600
,0.147,0.143,0.150,0.134,0.161,0.146,0.165,0.145,0.152,0.140,0.159,0.159,700
H,0.161,0.168,0.154,0.154,0.184,0.186,0.181,0.175,0.162,0.164,0.176,0.147,600
,0.149,0.164,0.149,0.147,0.183,0.176,0.174,0.171,0.153,0.151,0.167,0.153,700

