

Software Version,3.11.19



Experiment File Path:,C:\Shared Files\Data\GSF-IMS-Yeast\2025-01-25_URA-assay_16-variants\2025-01-25_URA-assay_16-variants_single-read_1-0_Epoch2.xpt
Protocol File Path:,\\129.6.167.34\Protocols\GSF-IMS-Yeast\Growth Plate w Membrane single read.30C.1C.prt



Plate Number,Plate 1
Date,1/25/2025
Time,5:28:43 PM
Reader Type:,Epoch 2
Reader Serial Number:,1803202B
Reading Type,Reader

Procedure Details

Plate Type,Growth Plate w Membrane
Set Temperature,Setpoint 30°C, Gradient 1 °C
,Preheat before moving to next step
Shake,Double Orbital: 0:10 (MM:SS)
,Frequency: 807 cpm (1 mm)
Read,Absorbance Endpoint
,Full Plate
,Wavelengths:  600, 700
,Read Speed: Normal,  Delay: 100 msec,  Measurements/Data Point: 8



Actual Temperature:,30.0



Actual Temperature:,30.0

Results
,1,2,3,4,5,6,7,8,9,10,11,12
A,0.144,0.167,0.152,0.131,0.158,0.174,0.174,0.153,0.165,0.178,0.175,0.147,600
,0.140,0.162,0.146,0.128,0.150,0.167,0.165,0.148,0.159,0.171,0.171,0.141,700
B,0.141,0.146,0.151,0.136,0.144,0.164,0.169,0.144,0.152,0.173,0.168,0.149,600
,0.134,0.142,0.146,0.131,0.139,0.160,0.158,0.138,0.143,0.167,0.162,0.151,700
C,0.108,0.170,0.133,0.154,0.114,0.191,0.152,0.185,0.120,0.208,0.157,0.172,600
,0.106,0.166,0.129,0.147,0.109,0.185,0.148,0.176,0.113,0.201,0.150,0.168,700
D,0.111,0.162,0.140,0.158,0.118,0.203,0.157,0.185,0.116,0.192,0.154,0.175,600
,0.111,0.156,0.136,0.152,0.117,0.194,0.154,0.180,0.114,0.183,0.150,0.170,700
E,0.131,0.144,0.152,0.160,0.130,0.169,0.177,0.190,0.139,0.169,0.176,0.195,600
,0.127,0.142,0.146,0.156,0.125,0.161,0.170,0.185,0.134,0.163,0.167,0.192,700
F,0.120,0.138,0.151,0.174,0.135,0.173,0.178,0.191,0.137,0.173,0.175,0.189,600
,0.117,0.130,0.147,0.167,0.131,0.169,0.169,0.186,0.131,0.163,0.170,0.181,700
G,0.173,0.156,0.155,0.147,0.177,0.185,0.168,0.170,0.179,0.170,0.174,0.183,600
,0.168,0.151,0.152,0.143,0.170,0.172,0.160,0.167,0.170,0.171,0.169,0.178,700
H,0.175,0.164,0.153,0.154,0.201,0.170,0.175,0.164,0.193,0.180,0.180,0.163,600
,0.169,0.155,0.144,0.150,0.187,0.168,0.169,0.161,0.175,0.170,0.169,0.160,700

