

Software Version,3.11.19



Experiment File Path:,C:\Shared Files\Data\GSF-IMS-Yeast\2025-01-28_URA-assay_16-variants\2025-01-28_URA-assay_16-variants_single-read_1-0_Epoch1.xpt
Protocol File Path:,\\129.6.167.34\Protocols\GSF-IMS-Yeast\Growth Plate w Membrane single read.30C.1C.prt



Plate Number,Plate 1
Date,1/28/2025
Time,4:31:28 PM
Reader Type:,Epoch 2
Reader Serial Number:,18041011
Reading Type,Reader

Procedure Details

Plate Type,Growth Plate w Membrane
Set Temperature,Setpoint 30°C, Gradient 1 °C
,Preheat before moving to next step
Shake,Double Orbital: 0:10 (MM:SS)
,Frequency: 807 cpm (1 mm)
Read,Absorbance Endpoint
,Full Plate
,Wavelengths:  600, 700
,Read Speed: Normal,  Delay: 100 msec,  Measurements/Data Point: 8



Actual Temperature:,30.0



Actual Temperature:,30.0

Results
,1,2,3,4,5,6,7,8,9,10,11,12
A,0.151,0.165,0.164,0.196,0.195,0.196,0.188,0.207,0.159,0.210,0.204,0.191,600
,0.140,0.157,0.156,0.186,0.188,0.189,0.180,0.199,0.154,0.209,0.198,0.184,700
B,0.142,0.168,0.162,0.164,0.154,0.188,0.172,0.167,0.149,0.184,0.172,0.182,600
,0.144,0.162,0.157,0.156,0.146,0.181,0.164,0.158,0.144,0.175,0.167,0.173,700
C,0.101,0.164,0.166,0.166,0.108,0.184,0.175,0.182,0.108,0.187,0.193,0.179,600
,0.098,0.159,0.160,0.155,0.102,0.176,0.170,0.174,0.101,0.180,0.184,0.167,700
D,0.106,0.166,0.180,0.159,0.110,0.172,0.179,0.178,0.112,0.171,0.190,0.164,600
,0.105,0.159,0.174,0.154,0.107,0.168,0.177,0.174,0.104,0.165,0.183,0.160,700
E,0.110,0.151,0.174,0.186,0.124,0.166,0.204,0.174,0.123,0.182,0.201,0.185,600
,0.100,0.143,0.171,0.180,0.115,0.159,0.197,0.169,0.114,0.172,0.195,0.178,700
F,0.105,0.153,0.173,0.161,0.112,0.158,0.190,0.170,0.104,0.161,0.188,0.183,600
,0.103,0.141,0.167,0.155,0.106,0.156,0.186,0.162,0.103,0.152,0.178,0.173,700
G,0.156,0.161,0.187,0.199,0.214,0.179,0.195,0.201,0.207,0.188,0.175,0.196,600
,0.148,0.162,0.172,0.185,0.202,0.173,0.187,0.199,0.198,0.177,0.172,0.199,700
H,0.161,0.168,0.158,0.172,0.193,0.197,0.183,0.191,0.183,0.174,0.185,0.188,600
,0.154,0.164,0.155,0.173,0.182,0.193,0.178,0.192,0.166,0.169,0.180,0.191,700

