

Software Version,3.11.19



Experiment File Path:,C:\Shared Files\Data\GSF-IMS-Yeast\2025-01-15_URA-assay_16-variants\2025-01-15_URA-assay_16-variants_single-read_1-0_Epoch1.xpt
Protocol File Path:,\\129.6.167.34\Protocols\GSF-IMS-Yeast\Growth Plate w Membrane single read.30C.1C.prt



Plate Number,Plate 1
Date,1/15/2025
Time,5:35:36 PM
Reader Type:,Epoch 2
Reader Serial Number:,18041011
Reading Type,Reader

Procedure Details

Plate Type,Growth Plate w Membrane
Set Temperature,Setpoint 30°C, Gradient 1 °C
,Preheat before moving to next step
Shake,Double Orbital: 0:10 (MM:SS)
,Frequency: 807 cpm (1 mm)
Read,Absorbance Endpoint
,Full Plate
,Wavelengths:  600, 700
,Read Speed: Normal,  Delay: 100 msec,  Measurements/Data Point: 8



Actual Temperature:,30.1



Actual Temperature:,30.1

Results
,1,2,3,4,5,6,7,8,9,10,11,12
A,0.162,0.152,0.144,0.159,0.175,0.174,0.155,0.204,0.180,0.177,0.158,0.187,600
,0.154,0.145,0.141,0.154,0.170,0.164,0.148,0.195,0.173,0.172,0.150,0.183,700
B,0.155,0.155,0.148,0.190,0.168,0.179,0.163,0.194,0.178,0.174,0.174,0.201,600
,0.150,0.154,0.141,0.181,0.161,0.168,0.155,0.183,0.172,0.168,0.169,0.195,700
C,0.164,0.131,0.171,0.149,0.170,0.152,0.188,0.144,0.171,0.147,0.191,0.156,600
,0.158,0.128,0.164,0.139,0.165,0.145,0.181,0.139,0.165,0.139,0.185,0.148,700
D,0.184,0.156,0.173,0.164,0.209,0.155,0.207,0.159,0.181,0.156,0.207,0.152,600
,0.184,0.148,0.164,0.159,0.202,0.149,0.203,0.150,0.174,0.146,0.197,0.146,700
E,0.162,0.165,0.096,0.137,0.191,0.190,0.103,0.162,0.194,0.190,0.100,0.171,600
,0.158,0.158,0.095,0.134,0.179,0.190,0.100,0.154,0.185,0.182,0.093,0.166,700
F,0.171,0.166,0.096,0.156,0.201,0.175,0.102,0.163,0.189,0.188,0.101,0.172,600
,0.170,0.161,0.093,0.153,0.194,0.168,0.098,0.159,0.177,0.175,0.102,0.170,700
G,0.174,0.116,0.128,0.160,0.196,0.128,0.158,0.196,0.201,0.124,0.156,0.185,600
,0.164,0.113,0.126,0.155,0.186,0.117,0.147,0.188,0.189,0.119,0.152,0.185,700
H,0.191,0.122,0.146,0.195,0.186,0.142,0.151,0.173,0.203,0.122,0.151,0.199,600
,0.178,0.119,0.138,0.185,0.172,0.137,0.144,0.171,0.185,0.120,0.148,0.192,700

