

Software Version,3.11.19



Experiment File Path:,C:\Shared Files\Data\GSF-IMS-Yeast\2025-01-16_URA-assay_16-variants\2025-01-16_URA-assay_16-variants_single-read_1-0_Epoch2.xpt
Protocol File Path:,\\129.6.167.34\Protocols\GSF-IMS-Yeast\Growth Plate w Membrane single read.30C.1C.prt



Plate Number,Plate 1
Date,1/16/2025
Time,5:23:14 PM
Reader Type:,Epoch 2
Reader Serial Number:,1803202B
Reading Type,Reader

Procedure Details

Plate Type,Growth Plate w Membrane
Set Temperature,Setpoint 30°C, Gradient 1 °C
,Preheat before moving to next step
Shake,Double Orbital: 0:10 (MM:SS)
,Frequency: 807 cpm (1 mm)
Read,Absorbance Endpoint
,Full Plate
,Wavelengths:  600, 700
,Read Speed: Normal,  Delay: 100 msec,  Measurements/Data Point: 8



Actual Temperature:,30.1



Actual Temperature:,30.1

Results
,1,2,3,4,5,6,7,8,9,10,11,12
A,0.131,0.164,0.132,0.105,0.152,0.166,0.156,0.117,0.146,0.182,0.148,0.121,600
,0.125,0.156,0.131,0.103,0.143,0.160,0.144,0.116,0.140,0.174,0.142,0.116,700
B,0.134,0.154,0.145,0.104,0.145,0.164,0.155,0.119,0.146,0.173,0.157,0.120,600
,0.125,0.147,0.139,0.104,0.141,0.157,0.151,0.110,0.139,0.166,0.152,0.117,700
C,0.128,0.054,0.120,0.101,0.151,0.062,0.135,0.107,0.144,0.066,0.133,0.111,600
,0.129,0.054,0.115,0.096,0.144,0.059,0.130,0.105,0.136,0.061,0.129,0.105,700
D,0.150,0.061,0.143,0.097,0.169,0.066,0.144,0.111,0.143,0.059,0.140,0.113,600
,0.146,0.055,0.136,0.096,0.159,0.065,0.143,0.107,0.136,0.056,0.135,0.111,700
E,0.146,0.138,0.152,0.093,0.164,0.162,0.173,0.106,0.154,0.164,0.176,0.102,600
,0.131,0.135,0.148,0.093,0.154,0.153,0.169,0.103,0.148,0.156,0.165,0.101,700
F,0.139,0.124,0.152,0.101,0.170,0.158,0.158,0.107,0.159,0.159,0.176,0.106,600
,0.130,0.122,0.141,0.096,0.161,0.153,0.152,0.103,0.151,0.152,0.164,0.102,700
G,0.149,0.137,0.128,0.115,0.162,0.163,0.143,0.121,0.171,0.145,0.144,0.129,600
,0.139,0.129,0.127,0.111,0.153,0.151,0.138,0.117,0.158,0.138,0.142,0.131,700
H,0.164,0.147,0.140,0.119,0.172,0.159,0.155,0.127,0.183,0.161,0.159,0.129,600
,0.152,0.140,0.134,0.114,0.162,0.147,0.148,0.124,0.160,0.150,0.150,0.132,700

