

Software Version,3.11.19



Experiment File Path:,C:\Shared Files\Data\GSF-IMS-Yeast\2025-03-18_URA-assay_16-variants\2025-03-18_URA-assay_16-variants_single-read_1-0_Epoch1.xpt
Protocol File Path:,\\129.6.167.34\Protocols\GSF-IMS-Yeast\Growth Plate w Membrane single read.30C.1C.prt



Plate Number,Plate 1
Date,3/18/2025
Time,5:06:18 PM
Reader Type:,Epoch 2
Reader Serial Number:,18041011
Reading Type,Reader

Procedure Details

Plate Type,Growth Plate w Membrane
Set Temperature,Setpoint 30°C, Gradient 1 °C
,Preheat before moving to next step
Shake,Double Orbital: 0:10 (MM:SS)
,Frequency: 807 cpm (1 mm)
Read,Absorbance Endpoint
,Full Plate
,Wavelengths:  600, 700
,Read Speed: Normal,  Delay: 100 msec,  Measurements/Data Point: 8



Actual Temperature:,30.0



Actual Temperature:,30.0

Results
,1,2,3,4,5,6,7,8,9,10,11,12
A,0.243,0.243,0.192,0.207,0.202,0.215,0.193,0.250,0.213,0.234,0.202,0.209,600
,0.233,0.236,0.189,0.197,0.192,0.204,0.185,0.255,0.205,0.225,0.192,0.202,700
B,0.187,0.215,0.197,0.226,0.224,0.250,0.183,0.230,0.199,0.247,0.221,0.201,600
,0.175,0.204,0.189,0.215,0.213,0.236,0.173,0.221,0.188,0.238,0.212,0.199,700
C,0.174,0.247,0.183,0.238,0.218,0.245,0.176,0.237,0.188,0.254,0.158,0.231,600
,0.163,0.237,0.171,0.224,0.210,0.236,0.169,0.234,0.175,0.240,0.149,0.225,700
D,0.198,0.229,0.161,0.229,0.207,0.256,0.214,0.288,0.230,0.245,0.157,0.239,600
,0.190,0.219,0.152,0.220,0.197,0.249,0.204,0.279,0.215,0.236,0.149,0.231,700
E,0.211,0.235,0.220,0.223,0.252,0.210,0.242,0.250,0.254,0.273,0.231,0.230,600
,0.202,0.216,0.220,0.213,0.241,0.203,0.231,0.241,0.241,0.262,0.222,0.229,700
F,0.216,0.200,0.263,0.228,0.286,0.254,0.219,0.222,0.249,0.222,0.216,0.207,600
,0.207,0.196,0.252,0.217,0.263,0.246,0.198,0.210,0.238,0.214,0.211,0.207,700
G,0.219,0.215,0.202,0.221,0.267,0.207,0.194,0.225,0.261,0.222,0.223,0.221,600
,0.220,0.217,0.196,0.214,0.244,0.198,0.178,0.212,0.246,0.214,0.225,0.208,700
H,0.201,0.213,0.214,0.191,0.303,0.262,0.255,0.252,0.230,0.234,0.241,0.209,600
,0.196,0.209,0.205,0.188,0.288,0.237,0.246,0.247,0.220,0.218,0.236,0.197,700

