

Software Version,3.11.19



Experiment File Path:,C:\Shared Files\Data\GSF-IMS-Yeast\2025-01-03_URA-assay_6-variants\2025-01-03_URA-assay_6-variants_single-read_1-0_Epoch1.xpt
Protocol File Path:,\\129.6.167.34\Protocols\GSF-IMS-Yeast\Growth Plate w Membrane single read.30C.1C.prt



Plate Number,Plate 1
Date,1/3/2025
Time,3:36:23 PM
Reader Type:,Epoch 2
Reader Serial Number:,18041011
Reading Type,Reader

Procedure Details

Plate Type,Growth Plate w Membrane
Set Temperature,Setpoint 30°C, Gradient 1 °C
,Preheat before moving to next step
Shake,Double Orbital: 0:10 (MM:SS)
,Frequency: 807 cpm (1 mm)
Read,Absorbance Endpoint
,Full Plate
,Wavelengths:  600, 700
,Read Speed: Normal,  Delay: 100 msec,  Measurements/Data Point: 8



Actual Temperature:,30.0



Actual Temperature:,30.0

Results
,1,2,3,4,5,6,7,8,9,10,11,12
A,0.107,0.109,0.109,0.100,0.147,0.148,0.145,0.149,0.114,0.122,0.124,0.116,600
,0.100,0.105,0.105,0.101,0.141,0.141,0.138,0.141,0.111,0.117,0.117,0.111,700
B,0.106,0.104,0.104,0.107,0.146,0.151,0.143,0.143,0.111,0.117,0.119,0.122,600
,0.101,0.101,0.100,0.101,0.138,0.145,0.134,0.132,0.110,0.113,0.114,0.122,700
C,0.106,0.115,0.103,0.112,0.144,0.146,0.154,0.155,0.126,0.120,0.119,0.120,600
,0.105,0.111,0.100,0.108,0.139,0.143,0.149,0.149,0.117,0.118,0.117,0.115,700
D,0.117,0.112,0.101,0.117,0.151,0.145,0.148,0.145,0.116,0.120,0.114,0.120,600
,0.112,0.108,0.097,0.113,0.145,0.141,0.142,0.137,0.113,0.120,0.115,0.122,700
E,0.153,0.158,0.139,0.152,0.110,0.114,0.118,0.110,0.128,0.137,0.139,0.140,600
,0.146,0.149,0.133,0.144,0.103,0.109,0.112,0.106,0.124,0.132,0.134,0.146,700
F,0.145,0.152,0.137,0.171,0.113,0.105,0.114,0.119,0.132,0.139,0.137,0.141,600
,0.140,0.144,0.131,0.159,0.106,0.100,0.110,0.113,0.126,0.135,0.127,0.135,700
G,0.166,0.146,0.157,0.150,0.127,0.116,0.114,0.122,0.132,0.131,0.138,0.140,600
,0.149,0.136,0.150,0.146,0.119,0.106,0.107,0.114,0.127,0.134,0.136,0.140,700
H,0.160,0.155,0.163,0.175,0.116,0.115,0.121,0.112,0.131,0.128,0.131,0.133,600
,0.152,0.144,0.149,0.166,0.113,0.104,0.104,0.105,0.126,0.127,0.127,0.129,700

