

Software Version,3.11.19



Experiment File Path:,C:\Shared Files\Data\GSF-IMS-Yeast\2025-01-03_URA-assay_6-variants\2025-01-03_URA-assay_6-variants_growth-plate_1-1_Epoch1.xpt
Protocol File Path:,\\129.6.167.34\Protocols\GSF-IMS-Yeast\Growth Plate w Membrane 12h.30C.1C.prt



Plate Number,Plate 1
Date,1/3/2025
Time,3:40:13 PM
Reader Type:,Epoch 2
Reader Serial Number:,18041011
Reading Type,Reader

Procedure Details

Plate Type,Growth Plate w Membrane
Set Temperature,Setpoint 30°C, Gradient 1 °C
,Preheat before moving to next step
Start Kinetic,Runtime 12:00:00 (HH:MM:SS), Interval 0:10:00, 73 Reads
    Shake,Double Orbital: Continuous
,Frequency: 807 cpm (1 mm)
    Read,Absorbance Endpoint
,Full Plate
,Wavelengths:  600, 700
,Read Speed: Normal,  Delay: 100 msec,  Measurements/Data Point: 8
End Kinetic,

600

Time,T° 600,A1,A2,A3,A4,A5,A6,A7,A8,A9,A10,A11,A12,B1,B2,B3,B4,B5,B6,B7,B8,B9,B10,B11,B12,C1,C2,C3,C4,C5,C6,C7,C8,C9,C10,C11,C12,D1,D2,D3,D4,D5,D6,D7,D8,D9,D10,D11,D12,E1,E2,E3,E4,E5,E6,E7,E8,E9,E10,E11,E12,F1,F2,F3,F4,F5,F6,F7,F8,F9,F10,F11,F12,G1,G2,G3,G4,G5,G6,G7,G8,G9,G10,G11,G12,H1,H2,H3,H4,H5,H6,H7,H8,H9,H10,H11,H12
0:08:29,30.0,1.415,1.187,1.206,1.010,0.914,0.908,0.859,0.836,0.816,0.968,1.126,1.394,1.399,1.061,0.898,0.772,0.764,0.759,0.728,0.802,0.708,0.762,0.921,1.391,1.376,1.096,0.846,0.792,0.790,0.812,0.774,0.740,0.781,0.736,0.823,1.344,1.349,1.091,0.769,0.771,0.794,0.811,0.744,0.806,0.737,0.785,0.712,1.021,1.413,1.194,0.823,0.786,0.752,0.752,0.772,0.729,0.760,0.763,0.775,1.138,1.421,1.273,0.904,0.818,0.733,0.701,0.749,0.733,0.756,0.747,0.850,1.226,1.475,1.289,1.088,0.867,0.793,0.776,0.698,0.696,0.795,0.875,0.998,1.421,1.443,1.401,1.143,1.148,0.987,0.987,0.902,0.846,1.021,1.220,1.322,1.410
0:18:29,30.0,1.422,1.196,1.207,1.018,0.920,0.914,0.867,0.846,0.828,0.977,1.134,1.403,1.404,1.065,0.901,0.779,0.773,0.769,0.736,0.805,0.721,0.768,0.927,1.398,1.379,1.099,0.850,0.796,0.798,0.822,0.775,0.753,0.792,0.742,0.829,1.347,1.355,1.094,0.776,0.782,0.805,0.809,0.740,0.810,0.745,0.793,0.722,1.032,1.418,1.198,0.823,0.790,0.761,0.760,0.776,0.736,0.767,0.772,0.784,1.147,1.423,1.276,0.903,0.821,0.738,0.712,0.763,0.743,0.763,0.758,0.857,1.234,1.481,1.292,1.093,0.874,0.802,0.784,0.708,0.706,0.801,0.880,1.012,1.430,1.446,1.410,1.147,1.157,0.996,0.995,0.910,0.860,1.033,1.231,1.331,1.419
0:28:29,30.1,1.427,1.204,1.211,1.028,0.924,0.916,0.872,0.852,0.835,0.985,1.143,1.405,1.407,1.071,0.904,0.787,0.775,0.775,0.741,0.812,0.730,0.774,0.934,1.404,1.382,1.102,0.850,0.803,0.804,0.828,0.765,0.763,0.800,0.747,0.836,1.354,1.361,1.100,0.779,0.787,0.812,0.800,0.734,0.813,0.754,0.801,0.729,1.040,1.421,1.202,0.826,0.795,0.767,0.765,0.775,0.745,0.775,0.779,0.790,1.151,1.425,1.280,0.906,0.831,0.742,0.720,0.772,0.751,0.771,0.763,0.864,1.240,1.480,1.296,1.094,0.878,0.807,0.791,0.714,0.711,0.805,0.885,1.016,1.436,1.450,1.413,1.153,1.165,1.002,0.999,0.917,0.869,1.038,1.241,1.338,1.429
0:38:29,30.1,1.434,1.212,1.216,1.034,0.928,0.923,0.881,0.856,0.844,0.991,1.151,1.410,1.411,1.077,0.912,0.794,0.782,0.782,0.747,0.816,0.736,0.781,0.938,1.408,1.387,1.106,0.854,0.808,0.810,0.815,0.755,0.770,0.807,0.751,0.839,1.358,1.366,1.105,0.782,0.787,0.800,0.798,0.732,0.803,0.762,0.802,0.734,1.046,1.426,1.208,0.833,0.802,0.772,0.771,0.775,0.750,0.783,0.786,0.795,1.156,1.432,1.288,0.910,0.832,0.752,0.729,0.781,0.759,0.776,0.769,0.868,1.246,1.486,1.300,1.097,0.881,0.815,0.798,0.718,0.723,0.809,0.889,1.022,1.443,1.452,1.418,1.157,1.170,1.009,1.005,0.923,0.874,1.040,1.245,1.343,1.433
0:48:29,30.1,1.440,1.220,1.220,1.043,0.935,0.931,0.886,0.861,0.852,0.999,1.157,1.416,1.416,1.084,0.916,0.800,0.786,0.788,0.755,0.819,0.743,0.785,0.944,1.414,1.393,1.111,0.857,0.813,0.815,0.807,0.745,0.777,0.818,0.757,0.844,1.361,1.373,1.110,0.788,0.797,0.799,0.798,0.731,0.796,0.770,0.809,0.743,1.050,1.431,1.213,0.838,0.806,0.778,0.767,0.775,0.757,0.787,0.792,0.802,1.163,1.435,1.292,0.919,0.843,0.762,0.736,0.787,0.770,0.782,0.773,0.874,1.252,1.492,1.308,1.100,0.892,0.823,0.804,0.723,0.733,0.813,0.895,1.027,1.447,1.458,1.422,1.165,1.181,1.016,1.012,0.930,0.880,1.048,1.250,1.344,1.436
0:58:29,30.1,1.447,1.228,1.227,1.048,0.944,0.941,0.890,0.866,0.859,1.006,1.162,1.422,1.421,1.088,0.922,0.806,0.795,0.790,0.762,0.827,0.750,0.791,0.949,1.419,1.397,1.114,0.863,0.820,0.821,0.797,0.744,0.781,0.828,0.764,0.850,1.365,1.380,1.115,0.793,0.804,0.805,0.798,0.731,0.790,0.777,0.815,0.748,1.057,1.438,1.219,0.845,0.814,0.783,0.767,0.775,0.761,0.793,0.798,0.807,1.168,1.442,1.297,0.924,0.849,0.768,0.744,0.797,0.780,0.788,0.778,0.878,1.256,1.499,1.315,1.105,0.894,0.826,0.813,0.732,0.732,0.819,0.902,1.030,1.451,1.465,1.429,1.169,1.188,1.020,1.016,0.936,0.891,1.052,1.252,1.351,1.440
1:08:29,30.1,1.453,1.237,1.231,1.053,0.951,0.948,0.901,0.872,0.868,1.013,1.171,1.429,1.428,1.098,0.926,0.812,0.807,0.725,0.769,0.833,0.757,0.796,0.956,1.427,1.402,1.119,0.865,0.825,0.821,0.794,0.746,0.761,0.832,0.769,0.854,1.370,1.386,1.121,0.800,0.811,0.783,0.805,0.734,0.786,0.787,0.822,0.754,1.065,1.446,1.225,0.854,0.821,0.788,0.766,0.777,0.761,0.803,0.807,0.815,1.175,1.449,1.306,0.929,0.858,0.776,0.755,0.804,0.789,0.797,0.785,0.884,1.262,1.507,1.320,1.112,0.905,0.836,0.822,0.740,0.745,0.824,0.910,1.036,1.458,1.508,1.439,1.179,1.201,1.026,1.024,0.940,0.896,1.061,1.261,1.356,1.446
1:18:29,30.1,1.474,1.244,1.239,1.062,0.961,0.958,0.905,0.878,0.876,1.020,1.178,1.436,1.439,1.101,0.934,0.821,0.816,0.717,0.757,0.844,0.765,0.803,0.962,1.433,1.409,1.129,0.873,0.834,0.789,0.801,0.751,0.728,0.837,0.776,0.862,1.377,1.394,1.129,0.808,0.815,0.774,0.816,0.737,0.786,0.799,0.827,0.761,1.069,1.454,1.232,0.862,0.832,0.796,0.766,0.779,0.739,0.812,0.814,0.821,1.182,1.457,1.313,0.940,0.871,0.781,0.783,0.804,0.800,0.805,0.792,0.889,1.267,1.514,1.325,1.118,0.915,0.838,0.834,0.747,0.750,0.832,0.914,1.041,1.465,1.523,1.454,1.188,1.209,1.033,1.034,0.946,0.902,1.063,1.269,1.365,1.452
1:28:29,30.1,1.486,1.254,1.244,1.070,0.970,0.969,0.913,0.887,0.883,1.029,1.188,1.444,1.449,1.109,0.940,0.828,0.824,0.713,0.706,0.851,0.773,0.811,0.969,1.440,1.417,1.135,0.878,0.842,0.770,0.806,0.751,0.702,0.852,0.784,0.869,1.384,1.402,1.137,0.817,0.826,0.771,0.824,0.740,0.788,0.808,0.836,0.769,1.081,1.464,1.242,0.873,0.844,0.807,0.774,0.781,0.729,0.834,0.823,0.831,1.190,1.464,1.317,0.949,0.884,0.794,0.793,0.816,0.813,0.817,0.800,0.897,1.277,1.521,1.332,1.122,0.928,0.849,0.844,0.760,0.764,0.839,0.925,1.048,1.472,1.520,1.464,1.203,1.221,1.052,1.046,0.953,0.918,1.077,1.277,1.369,1.460
1:38:29,30.1,1.522,1.266,1.252,1.081,0.981,0.979,0.922,0.895,0.895,1.040,1.199,1.454,1.465,1.116,0.950,0.839,0.835,0.723,0.698,0.865,0.783,0.820,0.979,1.450,1.428,1.145,0.885,0.850,0.760,0.813,0.752,0.698,0.855,0.795,0.877,1.391,1.413,1.147,0.828,0.839,0.775,0.833,0.746,0.793,0.822,0.841,0.778,1.089,1.471,1.255,0.888,0.861,0.843,0.778,0.783,0.727,0.868,0.834,0.841,1.198,1.476,1.333,0.958,0.897,0.804,0.716,0.780,0.843,0.829,0.811,0.905,1.287,1.530,1.343,1.137,0.941,0.861,0.860,0.772,0.771,0.848,0.932,1.058,1.482,1.518,1.479,1.224,1.239,1.056,1.062,0.965,0.933,1.086,1.287,1.379,1.470
1:48:29,30.1,1.527,1.277,1.264,1.093,1.002,0.989,0.936,0.906,0.907,1.050,1.209,1.466,1.479,1.128,0.959,0.848,0.848,0.718,0.694,0.877,0.796,0.830,0.989,1.461,1.438,1.154,0.891,0.860,0.746,0.820,0.756,0.697,0.867,0.803,0.888,1.400,1.425,1.157,0.838,0.853,0.812,0.840,0.752,0.800,0.834,0.852,0.786,1.102,1.482,1.269,0.920,0.769,0.848,0.785,0.786,0.727,0.889,0.845,0.850,1.208,1.484,1.346,0.969,0.910,0.818,0.696,0.767,0.860,0.850,0.825,0.916,1.298,1.535,1.353,1.155,0.956,0.875,0.875,0.786,0.787,0.857,0.944,1.068,1.493,1.528,1.504,1.255,1.258,1.071,1.077,0.975,0.943,1.097,1.297,1.390,1.481
1:58:29,30.2,1.514,1.293,1.274,1.104,1.014,1.003,0.948,0.919,0.921,1.063,1.222,1.478,1.501,1.139,0.971,0.860,0.859,0.722,0.694,0.918,0.807,0.841,0.999,1.472,1.451,1.162,0.899,0.869,0.744,0.834,0.757,0.691,0.877,0.815,0.897,1.409,1.435,1.169,0.849,0.868,0.818,0.847,0.754,0.807,0.852,0.865,0.799,1.116,1.496,1.283,0.995,0.726,1.336,0.795,0.791,0.732,0.880,0.862,0.863,1.218,1.493,1.359,0.981,0.926,0.833,0.679,0.779,0.843,0.880,0.837,0.928,1.310,1.540,1.369,1.173,0.972,0.891,0.891,0.801,0.801,0.865,0.955,1.081,1.504,1.536,1.544,1.289,1.282,1.086,1.094,0.985,0.950,1.108,1.308,1.405,1.492
2:08:29,30.2,1.484,1.309,1.284,1.117,1.026,1.021,0.961,0.932,0.935,1.076,1.235,1.489,1.476,1.153,0.980,0.872,0.880,0.716,0.694,0.893,0.822,0.853,1.010,1.484,1.464,1.174,0.908,0.880,0.747,0.847,0.764,0.689,0.893,0.826,0.909,1.420,1.451,1.180,0.861,0.887,0.828,0.861,0.759,0.819,0.870,0.876,0.810,1.129,1.527,1.299,0.961,0.710,1.522,0.805,0.795,0.737,0.809,0.883,0.874,1.230,1.504,1.381,0.997,0.945,0.847,0.674,0.793,0.840,0.945,0.850,0.941,1.326,1.550,1.390,1.197,0.998,0.907,0.904,0.813,0.812,0.877,0.966,1.093,1.517,1.533,1.551,1.312,1.389,1.106,1.109,0.998,0.973,1.123,1.322,1.418,1.506
2:18:29,30.2,1.447,1.325,1.300,1.131,1.050,1.034,0.977,0.954,0.953,1.091,1.252,1.506,1.433,1.164,0.991,0.886,0.897,1.062,0.713,0.768,0.838,0.867,1.023,1.498,1.478,1.192,0.918,0.892,0.759,0.861,0.775,0.806,0.909,0.837,0.921,1.432,1.469,1.198,0.877,0.902,0.865,0.875,0.773,0.829,0.852,0.896,0.825,1.147,1.569,1.347,0.907,0.701,1.503,0.813,0.799,0.741,0.722,0.925,0.892,1.243,1.518,1.506,1.100,1.010,0.865,0.669,0.813,0.754,1.014,0.871,0.956,1.341,1.604,1.411,1.240,1.029,0.924,0.916,0.849,0.836,0.889,0.982,1.107,1.532,1.513,1.536,1.347,1.314,1.127,1.128,1.011,0.987,1.136,1.337,1.432,1.523
2:28:29,30.2,1.399,1.346,1.310,1.148,1.077,1.058,0.991,0.977,0.970,1.106,1.266,1.520,1.410,1.181,1.004,0.902,0.921,0.815,1.219,0.776,0.853,0.880,1.038,1.511,1.495,1.208,0.928,0.904,1.239,0.875,0.831,1.123,0.926,0.849,0.935,1.445,1.486,1.213,0.893,1.001,0.881,0.897,0.782,0.840,0.741,0.913,0.839,1.165,1.643,1.401,0.880,0.729,1.444,0.825,0.803,0.744,0.711,1.038,0.907,1.258,1.551,1.611,1.201,1.230,0.898,0.666,0.847,0.770,1.038,0.889,0.972,1.358,1.768,1.436,1.328,1.069,0.943,0.941,0.849,0.857,0.903,0.995,1.123,1.550,1.494,1.504,1.429,1.272,1.210,1.151,1.029,1.015,1.156,1.350,1.447,1.538
2:38:29,30.2,1.385,1.375,1.325,1.164,1.182,1.153,1.113,1.069,0.986,1.123,1.286,1.536,1.398,1.197,1.018,0.916,1.029,0.841,0.799,0.905,0.871,0.896,1.053,1.526,1.510,1.222,0.940,0.919,1.079,0.893,0.820,0.904,0.943,0.864,0.950,1.459,1.505,1.229,0.913,0.847,0.898,0.913,0.800,0.857,1.290,0.933,0.855,1.182,1.810,1.641,1.140,0.756,1.180,0.833,0.804,0.747,0.979,1.167,0.925,1.272,1.696,1.847,1.328,1.716,0.955,0.669,0.871,1.154,1.021,0.907,0.989,1.381,1.883,1.552,1.450,1.102,0.968,0.991,0.817,0.882,0.917,1.013,1.140,1.565,1.497,1.481,1.632,1.633,1.310,1.236,1.046,1.051,1.171,1.369,1.466,1.556
2:48:29,30.2,1.377,1.424,1.348,1.182,1.355,1.357,1.427,1.225,1.006,1.140,1.302,1.574,1.376,1.218,1.036,0.933,1.407,0.864,0.790,0.835,0.888,0.912,1.069,1.542,1.527,1.243,0.956,0.937,1.014,0.912,0.825,0.823,0.996,0.880,0.967,1.474,1.524,1.247,0.931,0.915,0.908,0.928,0.819,0.870,1.351,0.973,0.872,1.203,2.079,2.136,1.421,1.086,1.358,0.842,0.809,0.807,1.247,1.198,0.942,1.290,2.035,1.969,1.688,1.110,1.019,1.153,0.885,0.782,1.031,0.926,1.006,1.398,2.227,1.833,1.546,1.164,1.000,1.270,0.791,0.903,0.933,1.029,1.157,1.586,1.807,1.535,1.799,1.482,1.356,1.302,1.173,1.113,1.189,1.385,1.484,1.572
2:58:29,30.1,1.375,1.767,1.364,1.203,1.840,1.834,1.918,1.407,1.026,1.159,1.322,1.656,1.386,1.246,1.073,0.952,1.480,0.878,0.801,0.877,0.907,0.930,1.085,1.561,1.588,1.264,0.974,0.961,0.894,0.928,0.835,0.904,1.047,0.896,0.983,1.492,1.548,1.270,0.953,1.148,0.925,0.946,0.839,0.880,1.301,1.057,0.892,1.224,2.370,2.000,1.412,1.375,1.069,0.857,0.812,0.936,1.342,1.213,0.963,1.309,2.142,1.737,1.765,1.081,1.512,1.134,0.900,0.819,1.151,0.950,1.025,1.418,2.486,2.158,1.649,1.930,1.068,1.308,1.198,0.937,0.952,1.050,1.177,1.604,2.369,2.171,2.003,1.645,1.442,1.355,1.213,1.203,1.210,1.403,1.509,1.593
3:08:29,30.1,1.375,2.008,1.400,1.225,2.057,1.437,2.009,1.586,1.054,1.178,1.341,1.753,1.426,1.291,1.108,0.971,0.725,0.895,0.813,1.535,1.027,0.949,1.102,1.577,1.681,1.288,0.995,0.984,0.920,0.951,0.874,1.259,1.157,0.916,1.002,1.508,1.628,1.317,0.973,0.782,0.943,0.959,0.855,0.897,1.262,1.163,0.909,1.246,2.257,1.301,0.977,1.195,1.011,0.873,0.818,0.893,1.615,1.479,0.985,1.333,1.808,2.040,1.625,1.056,1.685,1.020,0.916,0.852,1.851,0.972,1.045,1.441,2.446,1.884,2.137,2.070,1.636,1.530,1.072,1.140,0.974,1.070,1.196,1.624,2.467,2.458,1.696,1.635,1.708,1.520,1.245,1.378,1.238,1.427,1.581,1.612
3:18:29,30.1,1.647,1.747,1.466,1.254,2.159,1.634,1.863,1.709,1.097,1.207,1.365,1.925,1.508,1.425,1.151,1.005,1.289,0.915,0.827,1.120,1.242,0.970,1.122,1.597,1.363,1.312,1.016,1.004,0.936,0.970,0.957,1.204,0.835,0.961,1.022,1.527,1.914,1.432,1.033,1.401,0.962,0.971,0.874,0.972,0.932,1.295,0.931,1.268,1.775,1.509,0.920,0.919,0.913,0.893,0.825,0.843,1.351,1.997,1.012,1.376,1.630,2.070,1.634,1.029,1.719,0.833,0.936,0.888,2.002,1.049,1.066,1.498,2.547,2.005,2.306,2.143,1.763,1.617,1.260,1.258,1.031,1.091,1.218,1.641,2.501,2.519,1.951,1.959,1.955,1.719,1.286,1.457,1.327,1.443,1.767,1.635
3:28:29,30.1,1.677,2.019,1.631,1.305,2.182,1.319,0.918,1.868,1.196,1.256,1.426,2.018,1.641,1.671,1.217,1.079,1.012,0.936,0.839,0.990,1.492,0.992,1.142,1.637,2.087,1.384,1.053,1.044,0.953,0.984,1.260,1.194,0.829,1.050,1.044,1.546,1.930,1.829,1.485,1.538,0.983,0.982,0.878,1.201,0.869,1.865,0.999,1.294,1.853,1.803,1.385,0.949,0.923,0.910,0.830,0.840,0.901,2.096,1.077,1.515,1.898,1.476,1.387,1.578,1.625,0.815,0.951,0.910,2.104,1.179,1.104,1.596,2.272,1.654,2.190,2.152,1.629,1.730,0.868,1.540,1.096,1.113,1.245,1.682,2.390,2.434,1.763,2.227,1.957,1.286,1.815,1.427,1.489,1.501,2.168,1.660
3:38:29,30.1,1.709,1.908,1.931,1.438,2.125,0.997,1.749,2.113,1.434,1.332,1.522,2.177,1.921,1.986,1.307,1.190,0.946,0.969,0.863,0.962,1.662,1.019,1.171,1.714,2.223,1.565,1.214,1.440,0.977,0.989,1.382,1.136,1.718,1.387,1.071,1.567,2.231,1.662,1.464,0.956,1.004,0.989,0.977,1.446,0.898,2.046,1.196,1.342,2.287,1.860,1.347,0.973,0.937,0.929,0.842,0.859,0.924,2.143,1.437,1.850,2.492,2.018,1.053,1.049,1.609,0.813,0.973,0.933,2.171,1.401,1.147,1.724,2.510,1.855,2.080,2.212,1.025,1.347,0.897,1.852,1.330,1.139,1.400,1.794,2.509,2.435,2.022,1.516,1.854,1.642,1.950,1.376,1.962,1.821,2.190,1.685
3:48:29,30.1,1.568,1.614,2.186,1.737,1.451,1.669,1.278,2.197,1.802,1.474,1.804,2.260,1.755,2.179,1.532,1.342,1.501,0.990,0.883,0.982,1.681,1.132,1.250,1.900,2.321,1.920,1.632,1.504,1.000,1.117,1.460,1.308,1.466,1.623,1.159,1.628,1.906,2.002,1.298,1.016,1.022,1.141,1.151,1.588,0.930,1.884,1.560,1.446,2.137,1.418,1.008,1.002,0.956,0.947,1.011,0.922,0.961,2.093,1.835,2.080,2.106,1.824,1.693,0.977,1.495,0.843,0.988,0.961,2.170,1.781,1.357,2.136,2.239,1.308,1.391,1.465,1.632,1.098,0.927,1.954,1.728,1.211,1.819,2.046,2.222,1.787,2.037,1.373,1.656,1.802,2.033,1.440,2.121,2.223,2.256,1.710
3:58:29,30.1,1.574,1.756,2.351,1.996,1.732,1.123,1.532,2.207,1.991,1.744,2.095,2.492,2.359,2.331,1.798,1.486,1.054,1.008,0.954,1.008,1.927,1.442,1.412,2.259,2.170,2.159,2.005,1.509,1.021,1.367,1.480,1.450,1.063,1.715,1.309,1.807,2.341,2.026,1.409,1.019,1.043,1.225,1.375,1.599,0.960,1.540,1.751,1.634,2.223,1.408,1.052,1.024,0.971,0.955,1.179,0.986,0.988,2.083,2.006,2.214,1.579,1.469,1.136,1.033,1.368,0.861,1.002,0.981,2.195,1.931,1.751,2.296,2.167,1.939,1.646,2.209,1.422,1.016,0.946,1.887,1.916,1.475,2.073,2.438,2.453,1.683,1.395,1.386,2.074,1.723,2.256,1.926,2.208,2.353,2.463,1.737
4:08:29,30.1,2.458,1.639,2.416,2.224,1.638,1.154,1.574,2.159,2.086,2.026,2.284,2.588,2.399,2.359,1.994,1.823,1.022,1.127,1.115,1.029,2.097,1.798,1.829,2.478,1.919,2.304,2.051,1.777,1.044,1.578,1.507,1.560,0.990,1.918,1.746,2.005,2.139,2.055,1.764,1.044,1.063,1.077,1.599,1.613,0.991,1.851,1.917,2.030,1.977,1.435,1.077,1.044,0.990,0.959,1.374,1.035,1.014,1.982,2.119,2.326,1.559,1.519,1.127,1.056,0.981,0.987,1.020,1.013,2.173,2.079,1.946,2.399,2.260,1.550,1.802,1.958,1.681,1.034,0.961,2.011,2.040,1.874,2.215,2.595,2.352,2.319,1.356,1.399,1.973,1.246,2.302,2.144,2.305,2.454,2.597,1.831
4:18:29,30.1,2.398,1.508,2.195,2.356,1.599,1.189,1.108,2.051,2.088,2.154,2.432,2.640,2.038,2.267,2.132,1.978,1.050,1.263,1.368,1.062,2.174,1.992,2.022,2.521,1.613,2.385,2.003,1.869,1.061,1.722,1.441,1.560,1.020,2.094,1.980,2.380,1.961,1.838,1.575,1.064,1.085,1.074,1.625,1.605,1.015,2.023,2.088,2.226,1.664,1.466,1.107,1.063,1.016,0.959,1.148,1.168,1.027,2.127,2.192,2.410,2.109,1.553,1.155,1.083,0.999,0.958,1.033,1.037,2.173,2.169,2.061,2.503,1.749,1.563,1.351,1.119,1.501,1.042,0.989,2.077,2.114,2.030,2.336,2.676,1.672,1.653,1.427,1.423,1.411,1.315,2.309,2.191,2.382,2.513,2.631,2.303
4:28:29,30.2,2.326,1.534,2.211,2.313,1.190,1.210,1.139,2.104,2.248,2.294,2.482,2.667,1.837,2.232,2.256,2.082,1.073,1.431,1.502,1.227,2.203,2.108,2.143,2.631,1.637,2.317,1.967,1.758,1.074,1.756,1.193,1.589,1.044,2.160,2.122,2.522,1.970,1.574,1.566,1.091,1.095,1.084,1.538,1.471,1.027,1.821,2.159,2.359,1.687,1.490,1.135,1.077,1.046,1.140,1.159,1.421,1.040,1.768,2.197,2.479,2.223,1.574,1.179,1.109,1.029,0.983,1.046,1.060,2.035,2.199,2.156,2.572,1.749,1.583,1.358,1.150,1.126,1.069,1.014,2.088,2.186,2.147,2.411,2.722,1.722,1.631,1.440,1.431,1.320,1.327,2.238,2.182,2.394,2.575,2.656,2.509
4:38:29,30.1,2.138,1.567,1.986,2.235,1.245,1.241,1.171,2.139,2.325,2.353,2.429,2.656,2.066,2.130,2.292,2.190,1.103,1.567,1.500,1.304,2.236,2.187,2.260,2.682,1.684,2.059,1.970,1.127,1.148,1.682,1.156,1.583,1.076,2.195,2.215,2.581,2.007,1.383,1.124,1.121,1.121,1.110,1.086,1.496,1.084,1.151,2.193,2.445,1.720,1.514,1.160,1.128,1.079,1.498,1.013,1.498,1.192,1.475,2.104,2.531,1.700,1.600,1.210,1.128,1.064,0.989,1.048,1.087,1.181,2.071,2.232,2.612,1.775,1.611,1.395,1.185,1.096,1.104,1.035,2.157,2.215,2.271,2.456,2.730,1.748,1.694,1.462,1.449,1.322,1.353,2.240,1.750,2.438,2.561,2.634,2.586
4:48:29,30.2,2.155,1.585,1.979,2.038,1.272,1.265,1.188,1.932,2.363,2.389,2.373,2.660,2.142,1.977,2.245,2.187,1.113,1.566,1.591,1.564,2.234,2.244,2.366,2.733,1.703,2.048,1.661,1.129,1.290,1.554,1.137,1.640,1.118,2.042,2.287,2.660,1.663,1.417,1.126,1.156,1.173,1.143,1.072,1.552,1.503,1.093,2.056,2.494,1.745,1.533,1.177,1.236,1.101,1.589,0.957,1.544,1.403,1.297,2.183,2.537,1.737,1.615,1.229,1.148,1.089,1.037,1.116,1.090,1.090,2.084,2.304,2.648,1.793,1.637,1.419,1.210,1.142,1.133,1.069,1.911,2.224,2.338,2.444,2.760,1.774,1.715,1.477,1.468,1.341,1.365,1.983,1.789,2.355,2.417,2.563,2.470
4:58:29,30.2,2.220,1.623,1.541,1.926,1.307,1.299,1.229,1.183,2.195,2.355,1.948,2.625,2.299,1.430,1.987,2.257,1.154,1.524,1.659,1.717,2.210,2.161,2.405,2.727,1.736,1.442,1.155,1.162,1.382,1.466,1.142,1.596,1.287,2.188,2.217,2.646,1.693,1.452,1.165,1.181,1.225,1.175,1.115,1.567,1.724,1.140,2.118,2.428,1.769,1.555,1.193,1.382,1.127,1.405,1.081,1.455,1.675,1.262,1.947,2.518,1.774,1.631,1.252,1.165,1.116,1.081,1.308,1.073,1.122,2.058,2.360,2.623,1.820,1.655,1.431,1.227,1.183,1.167,1.094,1.131,2.189,2.376,2.474,2.615,1.800,1.751,1.496,1.492,1.366,1.381,1.318,1.744,2.197,2.378,2.026,2.207
5:08:29,30.2,2.312,1.649,1.571,1.420,1.335,1.337,1.248,1.243,2.209,2.273,1.551,2.447,1.977,1.452,2.028,2.193,1.275,1.451,1.732,1.687,2.047,2.175,2.419,2.513,1.762,1.458,1.199,1.185,1.443,1.474,1.176,1.624,1.431,1.878,2.271,2.699,1.721,1.479,1.187,1.202,1.252,1.209,1.141,1.641,1.776,1.169,1.758,2.407,1.779,1.578,1.247,1.472,1.147,1.115,1.661,1.355,1.711,1.348,1.658,2.437,1.795,1.689,1.272,1.242,1.135,1.150,1.571,1.310,1.142,1.921,2.392,2.608,1.835,1.673,1.456,1.248,1.204,1.191,1.128,1.102,2.277,2.369,2.397,2.116,1.817,1.759,1.520,1.508,1.387,1.404,1.240,1.198,1.492,1.745,1.668,2.399
5:18:29,30.2,2.401,1.677,1.604,1.460,1.350,1.400,1.285,1.270,1.928,1.960,1.593,2.215,1.789,1.474,1.288,1.968,1.382,1.465,1.765,1.706,1.293,1.732,2.475,2.078,1.790,1.484,1.226,1.219,1.474,1.281,1.215,1.660,1.587,1.333,1.940,2.549,1.749,1.513,1.222,1.229,1.261,1.251,1.152,1.696,1.791,1.192,1.439,2.221,1.803,1.623,1.370,1.575,1.156,1.147,1.676,1.402,1.722,1.503,1.581,2.103,1.820,1.794,1.296,1.348,1.161,1.395,1.445,1.644,1.161,1.636,2.394,2.513,1.860,1.694,1.485,1.276,1.230,1.220,1.156,1.131,2.062,2.393,2.051,1.960,1.840,1.781,1.542,1.529,1.412,1.427,1.274,1.286,1.409,1.533,1.727,2.429
5:28:29,30.2,2.114,1.702,1.626,1.484,1.416,1.478,1.457,1.294,1.419,1.516,1.614,1.976,1.818,1.504,1.304,1.215,1.448,1.343,1.767,1.236,1.153,1.415,2.329,1.822,1.816,1.507,1.252,1.241,1.517,1.290,1.233,1.706,1.736,1.318,1.645,2.174,1.775,1.531,1.245,1.257,1.262,1.307,1.327,1.747,1.788,1.251,1.383,1.937,1.828,1.676,1.443,1.605,1.245,1.179,1.304,1.442,1.706,1.527,1.640,1.994,1.932,1.822,1.318,1.429,1.198,1.626,1.217,1.782,1.229,1.508,2.385,2.272,1.887,1.723,1.506,1.306,1.256,1.253,1.176,1.152,1.205,2.427,1.947,2.010,1.870,1.806,1.568,1.584,1.434,1.460,1.299,1.323,1.446,1.555,1.759,2.202
5:38:29,30.2,1.859,1.726,1.652,1.510,1.491,1.554,1.533,1.336,1.334,1.482,1.771,1.852,1.835,1.528,1.332,1.254,1.507,1.377,1.751,1.267,1.197,1.254,2.075,1.858,1.842,1.541,1.280,1.276,1.615,1.617,1.415,1.767,1.776,1.269,1.434,2.013,1.798,1.552,1.271,1.280,1.286,1.452,1.567,1.816,1.789,1.387,1.471,1.838,1.875,1.760,1.495,1.604,1.227,1.215,1.219,1.502,1.488,1.541,1.786,2.079,1.991,1.838,1.391,1.472,1.222,1.476,1.255,1.734,1.311,1.683,2.387,2.175,1.911,1.745,1.532,1.327,1.276,1.280,1.201,1.192,1.188,2.299,1.959,2.066,1.894,1.834,1.595,1.595,1.448,1.488,1.315,1.354,1.419,1.689,1.778,2.143
5:48:29,30.2,1.889,1.765,1.679,1.540,1.478,1.635,1.542,1.347,1.367,1.500,1.789,1.886,1.865,1.563,1.365,1.295,1.554,1.633,1.730,1.452,1.236,1.281,1.620,1.889,1.873,1.569,1.310,1.307,1.723,1.800,1.663,1.716,1.742,1.218,1.520,1.956,1.827,1.585,1.306,1.316,1.298,1.825,1.679,1.894,1.781,1.468,1.427,1.784,1.895,1.745,1.545,1.638,1.307,1.236,1.246,1.567,1.611,1.639,1.699,2.014,1.964,1.854,1.444,1.472,1.257,1.245,1.281,1.738,1.384,1.555,2.160,2.115,1.950,1.780,1.567,1.363,1.300,1.307,1.251,1.255,1.239,1.311,2.013,2.012,1.927,1.871,1.633,1.640,1.484,1.516,1.348,1.386,1.489,1.778,1.810,1.796
5:58:29,30.2,1.950,1.790,1.695,1.564,1.573,1.784,1.631,1.554,1.406,1.608,1.901,1.915,1.906,1.578,1.382,1.306,1.652,1.732,1.746,1.775,1.255,1.319,1.700,1.922,1.900,1.587,1.335,1.372,1.786,1.835,1.740,1.750,1.638,1.304,1.463,2.076,1.848,1.627,1.327,1.349,1.521,1.945,1.705,1.998,1.825,1.555,1.520,1.895,1.930,1.846,1.608,1.715,1.281,1.248,1.412,1.586,1.796,1.705,1.706,2.083,1.984,1.926,1.515,1.576,1.286,1.258,1.285,1.713,1.486,1.596,1.826,2.259,1.975,1.808,1.597,1.404,1.326,1.329,1.260,1.321,1.277,1.376,2.084,1.946,1.949,1.891,1.660,1.683,1.508,1.548,1.375,1.422,1.503,1.654,1.826,1.874
6:08:29,30.2,2.256,1.819,1.730,1.603,1.601,1.911,1.729,1.622,1.486,1.697,2.028,1.944,1.946,1.611,1.416,1.341,1.754,1.928,1.698,1.861,1.285,1.373,1.583,1.973,1.925,1.619,1.374,1.429,1.903,2.031,1.927,1.898,1.690,1.291,1.501,2.013,1.877,1.655,1.359,1.380,1.667,2.070,1.808,2.070,1.816,1.650,1.539,1.873,1.952,1.924,1.683,1.839,1.330,1.530,1.492,1.652,1.941,1.750,1.583,1.990,2.002,2.029,1.553,1.673,1.317,1.304,1.454,1.735,1.539,1.558,1.561,2.327,2.000,1.836,1.649,1.440,1.368,1.355,1.291,1.339,1.310,1.424,1.944,2.082,1.982,1.923,1.699,1.769,1.534,1.589,1.398,1.456,1.566,1.727,1.848,1.926
6:18:29,30.2,2.297,1.847,1.768,1.652,1.714,1.983,1.836,1.720,1.619,1.849,2.082,1.987,2.026,1.651,1.656,1.418,1.860,1.976,1.765,1.968,1.357,1.426,1.626,2.144,1.952,1.690,1.458,1.562,1.844,2.176,2.121,1.986,1.828,1.416,1.460,1.916,1.921,1.713,1.426,1.520,1.947,2.279,2.137,2.146,1.948,1.731,1.556,1.922,2.056,2.073,1.803,1.971,1.371,1.529,1.242,1.685,2.012,1.821,1.789,2.022,2.117,2.174,1.698,1.816,1.342,1.351,1.286,1.757,1.617,1.572,1.634,2.215,2.022,1.904,1.738,1.520,1.501,1.381,1.305,1.468,1.338,1.455,1.838,2.154,2.001,2.005,1.757,2.004,1.549,1.603,1.424,1.479,1.573,1.768,1.889,1.957
6:28:29,30.2,2.166,1.875,1.793,1.708,1.831,2.038,1.933,1.774,1.674,1.853,2.119,2.192,2.025,1.673,1.564,1.442,1.946,2.117,1.806,2.051,1.496,1.589,1.681,2.264,1.980,1.707,1.470,1.633,1.971,2.209,2.174,2.020,1.911,1.625,1.545,2.117,1.940,1.721,1.450,1.648,2.126,2.302,2.151,2.202,1.987,1.808,1.660,1.986,2.082,2.139,1.864,2.052,1.386,1.810,1.235,1.908,2.076,1.906,1.865,2.053,2.152,2.236,1.781,1.929,1.449,1.401,1.302,1.958,1.694,1.707,1.674,2.021,2.066,1.986,1.825,1.625,1.608,1.393,1.367,1.540,1.369,1.486,1.798,2.250,2.030,2.072,1.836,2.159,1.573,1.633,1.446,1.500,1.589,1.793,1.884,1.974
6:38:29,30.3,2.030,1.968,1.828,1.795,1.950,2.101,1.985,1.847,1.756,1.964,2.175,2.308,2.027,1.711,1.601,1.498,2.018,2.162,1.950,2.135,1.595,1.722,1.824,2.339,2.018,1.729,1.609,1.761,2.004,2.269,2.210,2.059,2.030,1.736,1.691,2.273,1.971,1.793,1.541,1.771,2.242,2.356,2.206,2.231,2.047,1.945,1.724,2.033,2.191,2.183,1.919,2.106,1.524,1.857,1.235,2.023,2.158,1.995,1.933,2.059,2.268,2.298,1.853,2.018,1.542,1.544,1.346,2.052,1.779,1.756,1.718,1.966,2.105,2.084,1.926,1.703,1.817,1.419,1.457,1.645,1.387,1.506,1.886,2.582,2.088,2.176,1.907,2.225,1.591,1.651,1.461,1.511,1.605,1.801,1.904,2.015
6:48:29,30.3,2.064,2.156,1.973,1.915,2.030,2.186,2.078,2.000,1.845,2.123,2.262,2.401,2.176,1.800,1.693,1.592,2.107,2.338,2.060,2.203,1.719,1.821,1.913,2.423,2.162,1.921,1.760,1.867,2.139,2.393,2.298,2.128,2.072,1.831,1.861,2.359,2.083,2.018,1.746,1.860,2.414,2.450,2.357,2.264,2.140,2.056,1.840,2.208,2.319,2.028,1.995,2.196,1.512,1.355,1.350,2.082,2.200,2.097,2.071,2.199,2.373,2.394,1.920,2.066,1.385,1.826,1.471,2.028,1.810,1.881,1.699,2.121,2.172,2.046,1.839,1.570,1.973,1.580,1.641,1.788,1.401,1.631,2.111,2.663,2.211,2.302,2.121,2.237,1.657,1.708,1.497,1.535,1.645,1.844,1.982,2.219
6:58:29,30.2,2.110,2.189,2.060,2.021,2.076,2.240,2.143,2.124,1.910,2.198,2.322,2.479,2.282,1.894,1.804,1.701,2.163,2.381,2.114,2.273,1.821,1.892,2.004,2.474,2.213,2.011,1.829,1.925,2.264,2.416,2.314,2.174,2.151,1.934,1.919,2.401,2.175,2.087,1.852,1.954,2.429,2.471,2.356,2.293,2.189,2.123,1.949,2.287,2.392,2.217,2.088,2.345,1.788,1.660,1.492,2.135,2.250,2.179,2.144,2.308,2.428,2.487,1.999,2.147,1.596,1.789,1.437,2.141,1.965,2.018,1.777,2.320,2.194,2.087,1.842,1.606,2.057,1.926,2.046,1.967,1.417,1.841,2.220,2.752,2.301,2.381,2.257,2.392,1.819,1.777,1.594,1.570,1.812,2.173,2.147,2.413
7:08:29,30.3,2.290,2.244,2.164,2.091,2.132,2.293,2.201,2.183,2.068,2.268,2.381,2.537,2.340,2.040,1.941,1.849,2.215,2.433,2.185,2.305,1.937,1.986,2.071,2.529,2.280,2.082,1.878,1.965,2.405,2.454,2.349,2.213,2.196,2.033,2.030,2.488,2.277,2.156,1.933,1.934,2.461,2.501,2.403,2.333,2.233,2.190,2.079,2.363,2.446,2.274,2.004,2.423,2.137,1.540,1.741,2.185,2.328,2.258,2.201,2.385,2.485,2.533,2.018,2.268,1.831,1.931,1.627,2.239,2.051,2.091,1.922,2.427,2.211,2.093,2.020,1.971,2.114,2.282,2.337,2.049,1.435,1.959,2.293,2.806,2.363,2.446,2.293,2.603,1.945,1.941,1.789,1.723,2.038,2.343,2.550,2.604
7:18:29,30.3,2.370,2.277,2.222,2.189,2.182,2.331,2.250,2.230,2.159,2.297,2.453,2.570,2.354,2.088,2.019,1.971,2.253,2.459,2.219,2.353,2.035,2.069,2.139,2.568,2.309,2.141,1.899,1.987,2.434,2.471,2.370,2.234,2.244,2.103,2.091,2.545,2.326,2.158,1.966,2.032,2.487,2.505,2.419,2.348,2.269,2.245,2.152,2.410,2.440,2.394,2.157,2.458,2.290,1.722,1.819,2.235,2.383,2.338,2.240,2.431,2.531,2.643,2.107,2.423,1.984,1.964,1.721,2.291,2.206,2.167,1.992,2.491,2.314,2.216,2.147,2.078,2.177,2.397,2.357,2.152,1.464,2.009,2.362,2.832,2.341,2.500,2.418,2.633,2.111,2.126,1.958,1.973,2.236,2.405,2.656,2.631
7:28:29,30.2,2.380,2.301,2.260,2.225,2.198,2.362,2.283,2.247,2.186,2.310,2.503,2.575,2.374,2.126,2.070,2.033,2.292,2.478,2.245,2.401,2.102,2.106,2.219,2.595,2.335,2.149,1.925,2.014,2.491,2.493,2.395,2.244,2.260,2.156,2.123,2.571,2.366,2.158,2.010,2.182,2.500,2.527,2.437,2.367,2.292,2.300,2.194,2.443,2.498,2.540,2.325,2.486,2.345,1.970,1.923,2.269,2.429,2.424,2.273,2.476,2.588,2.744,2.268,2.487,2.149,1.908,1.876,2.351,2.314,2.204,2.057,2.544,2.424,2.469,2.217,2.189,2.270,2.458,2.407,2.287,1.560,2.072,2.418,2.880,2.460,2.548,2.497,2.663,2.243,2.424,2.015,2.141,2.362,2.522,2.726,2.750
7:38:29,30.3,2.420,2.286,2.303,2.274,2.199,2.425,2.325,2.282,2.245,2.355,2.523,2.597,2.402,2.181,2.130,2.097,2.386,2.504,2.272,2.450,2.161,2.154,2.267,2.667,2.376,2.163,1.950,2.015,2.516,2.528,2.427,2.273,2.287,2.206,2.223,2.639,2.374,2.169,2.063,2.379,2.525,2.553,2.466,2.388,2.329,2.426,2.260,2.485,2.532,2.702,2.437,2.519,2.410,1.970,2.064,2.305,2.470,2.477,2.365,2.526,2.661,2.808,2.387,2.519,2.336,2.093,2.043,2.395,2.383,2.253,2.171,2.610,2.583,2.426,2.415,2.369,2.421,2.494,2.446,2.358,1.894,2.200,2.530,2.915,2.474,2.610,2.625,2.699,2.414,2.549,2.117,2.321,2.495,2.658,2.789,2.795
7:48:29,30.3,2.440,2.200,2.325,2.292,2.213,2.479,2.356,2.307,2.280,2.392,2.554,2.620,2.396,2.214,2.173,2.135,2.466,2.522,2.294,2.483,2.211,2.191,2.312,2.721,2.399,2.198,1.990,2.169,2.540,2.536,2.442,2.295,2.317,2.243,2.284,2.687,2.360,2.211,2.130,2.451,2.535,2.560,2.475,2.408,2.357,2.470,2.328,2.516,2.634,2.767,2.507,2.537,2.430,2.031,2.109,2.322,2.495,2.494,2.440,2.585,2.726,2.864,2.497,2.542,2.410,2.094,2.093,2.419,2.432,2.323,2.249,2.677,2.622,2.551,2.482,2.447,2.479,2.523,2.465,2.382,2.226,2.289,2.607,2.935,2.550,2.680,2.670,2.722,2.494,2.593,2.385,2.431,2.564,2.720,2.814,2.829
7:58:29,30.2,2.463,2.185,2.353,2.313,2.207,2.522,2.407,2.326,2.307,2.436,2.586,2.660,2.372,2.256,2.202,2.165,2.507,2.531,2.311,2.499,2.249,2.259,2.361,2.784,2.430,2.223,1.967,2.258,2.551,2.542,2.455,2.313,2.343,2.280,2.367,2.742,2.373,2.269,2.185,2.501,2.539,2.572,2.490,2.422,2.377,2.503,2.401,2.557,2.714,2.797,2.542,2.551,2.458,2.147,2.136,2.344,2.506,2.508,2.491,2.656,2.796,2.882,2.541,2.560,2.447,2.120,2.134,2.447,2.463,2.409,2.297,2.744,2.696,2.612,2.558,2.500,2.513,2.534,2.479,2.409,2.338,2.402,2.661,2.953,2.599,2.738,2.711,2.736,2.549,2.626,2.471,2.482,2.599,2.759,2.833,2.859
8:08:29,30.2,2.344,2.393,2.216,2.336,2.209,2.571,2.503,2.356,2.341,2.453,2.637,2.700,2.474,2.172,2.221,2.196,2.513,2.551,2.336,2.530,2.298,2.317,2.435,2.852,2.432,2.247,2.058,2.427,2.574,2.566,2.496,2.337,2.363,2.373,2.460,2.821,2.455,2.379,2.274,2.558,2.547,2.588,2.511,2.449,2.433,2.529,2.471,2.655,2.855,2.841,2.579,2.570,2.485,2.201,2.293,2.382,2.531,2.525,2.528,2.731,2.856,2.925,2.604,2.591,2.499,2.206,2.300,2.484,2.494,2.495,2.372,2.820,2.811,2.758,2.644,2.538,2.546,2.555,2.510,2.470,2.423,2.515,2.700,2.970,2.653,2.817,2.785,2.760,2.623,2.658,2.535,2.527,2.628,2.791,2.861,2.880
8:18:29,30.3,2.316,2.293,2.347,2.348,2.301,2.577,2.504,2.363,2.361,2.471,2.634,2.749,2.497,2.313,2.245,2.222,2.545,2.554,2.357,2.534,2.324,2.334,2.456,2.880,2.475,2.317,2.103,2.445,2.580,2.565,2.484,2.342,2.403,2.395,2.491,2.844,2.525,2.532,2.398,2.560,2.558,2.573,2.531,2.442,2.417,2.547,2.482,2.674,2.857,2.846,2.591,2.576,2.501,2.290,2.281,2.375,2.532,2.533,2.546,2.746,2.900,2.940,2.606,2.601,2.492,2.240,2.267,2.481,2.517,2.499,2.428,2.828,2.843,2.808,2.677,2.580,2.553,2.562,2.511,2.475,2.446,2.543,2.715,2.980,2.746,2.855,2.767,2.765,2.616,2.658,2.554,2.540,2.647,2.804,2.869,2.893
8:28:29,30.2,2.556,2.505,2.270,2.316,2.299,2.599,2.561,2.392,2.380,2.496,2.719,2.781,2.639,2.286,2.272,2.251,2.543,2.562,2.376,2.551,2.405,2.385,2.527,2.933,2.458,2.372,2.198,2.528,2.593,2.579,2.519,2.360,2.404,2.472,2.554,2.889,2.592,2.556,2.507,2.595,2.562,2.593,2.528,2.478,2.464,2.555,2.526,2.718,2.931,2.884,2.626,2.583,2.514,2.301,2.423,2.421,2.551,2.559,2.559,2.782,2.933,2.970,2.656,2.620,2.521,2.279,2.409,2.514,2.531,2.545,2.527,2.868,2.882,2.858,2.713,2.588,2.589,2.575,2.537,2.510,2.493,2.592,2.739,2.986,2.760,2.888,2.817,2.783,2.679,2.679,2.586,2.561,2.680,2.825,2.890,2.903
8:38:29,30.3,2.647,2.573,2.320,2.231,2.370,2.616,2.577,2.433,2.411,2.517,2.732,2.803,2.716,2.328,2.280,2.272,2.558,2.575,2.394,2.562,2.454,2.459,2.573,2.948,2.390,2.460,2.291,2.544,2.600,2.590,2.524,2.377,2.434,2.495,2.548,2.906,2.683,2.674,2.537,2.605,2.570,2.601,2.543,2.483,2.482,2.573,2.542,2.740,2.946,2.887,2.631,2.599,2.530,2.352,2.434,2.437,2.562,2.563,2.578,2.791,2.948,2.969,2.667,2.618,2.530,2.312,2.427,2.527,2.546,2.553,2.574,2.889,2.926,2.893,2.739,2.611,2.585,2.583,2.542,2.523,2.522,2.607,2.748,2.998,2.802,2.891,2.821,2.803,2.678,2.692,2.586,2.577,2.692,2.855,2.900,2.909
8:48:29,30.3,2.683,2.589,2.266,2.274,2.373,2.624,2.583,2.450,2.422,2.528,2.741,2.817,2.735,2.301,2.298,2.287,2.580,2.581,2.398,2.568,2.471,2.479,2.614,2.961,2.344,2.468,2.299,2.560,2.608,2.589,2.515,2.379,2.460,2.507,2.564,2.916,2.752,2.717,2.555,2.609,2.579,2.596,2.560,2.475,2.486,2.590,2.549,2.751,2.942,2.894,2.648,2.600,2.541,2.380,2.451,2.437,2.562,2.573,2.595,2.804,2.971,2.980,2.665,2.638,2.533,2.327,2.434,2.530,2.560,2.565,2.592,2.898,2.929,2.905,2.750,2.623,2.596,2.593,2.550,2.529,2.537,2.618,2.750,3.013,2.821,2.912,2.828,2.805,2.691,2.692,2.600,2.592,2.694,2.867,2.905,2.910
8:58:29,30.3,2.808,2.727,2.446,2.228,2.447,2.638,2.602,2.547,2.455,2.561,2.780,2.808,2.853,2.481,2.285,2.328,2.584,2.591,2.446,2.586,2.515,2.534,2.662,2.970,2.577,2.599,2.443,2.586,2.614,2.600,2.550,2.400,2.485,2.533,2.584,2.937,2.853,2.790,2.607,2.626,2.582,2.616,2.552,2.520,2.523,2.608,2.563,2.773,2.984,2.920,2.661,2.608,2.553,2.413,2.501,2.479,2.576,2.581,2.605,2.816,3.005,2.995,2.689,2.632,2.548,2.360,2.495,2.549,2.565,2.579,2.631,2.910,2.978,2.936,2.768,2.631,2.618,2.602,2.562,2.550,2.557,2.629,2.763,3.022,2.857,2.948,2.853,2.821,2.712,2.703,2.616,2.603,2.722,2.882,2.921,2.926
9:08:29,30.3,2.818,2.728,2.464,2.213,2.452,2.645,2.613,2.543,2.461,2.569,2.789,2.811,2.849,2.475,2.343,2.362,2.598,2.596,2.441,2.592,2.528,2.542,2.673,2.968,2.637,2.610,2.445,2.595,2.617,2.611,2.545,2.403,2.491,2.540,2.596,2.938,2.856,2.790,2.615,2.630,2.587,2.600,2.576,2.510,2.521,2.614,2.569,2.785,2.986,2.916,2.675,2.615,2.562,2.435,2.496,2.476,2.579,2.584,2.617,2.830,3.011,2.992,2.691,2.647,2.548,2.355,2.488,2.552,2.570,2.584,2.640,2.905,2.993,2.944,2.780,2.649,2.620,2.607,2.564,2.554,2.563,2.636,2.758,3.033,2.873,2.946,2.864,2.840,2.716,2.709,2.622,2.608,2.723,2.893,2.920,2.930
9:18:29,30.3,2.875,2.798,2.626,2.298,2.522,2.655,2.627,2.578,2.533,2.640,2.809,2.834,2.906,2.618,2.348,2.403,2.602,2.601,2.476,2.601,2.535,2.563,2.692,2.989,2.791,2.685,2.521,2.605,2.626,2.615,2.565,2.430,2.513,2.550,2.611,2.954,2.910,2.835,2.635,2.642,2.586,2.617,2.570,2.545,2.547,2.632,2.582,2.793,3.000,2.925,2.678,2.618,2.568,2.458,2.530,2.510,2.593,2.591,2.624,2.835,3.033,3.003,2.704,2.643,2.563,2.394,2.527,2.566,2.581,2.594,2.656,2.911,3.012,2.969,2.793,2.656,2.634,2.611,2.576,2.568,2.578,2.646,2.772,3.049,2.897,2.974,2.861,2.843,2.732,2.712,2.635,2.625,2.739,2.912,2.930,2.937
9:28:29,30.2,2.863,2.789,2.604,2.226,2.504,2.664,2.632,2.581,2.522,2.626,2.813,2.850,2.898,2.575,2.341,2.414,2.615,2.603,2.450,2.597,2.539,2.570,2.703,2.987,2.801,2.680,2.515,2.612,2.630,2.619,2.558,2.426,2.510,2.559,2.617,2.959,2.898,2.829,2.642,2.649,2.599,2.602,2.596,2.517,2.524,2.628,2.588,2.807,3.013,2.930,2.688,2.619,2.578,2.494,2.531,2.489,2.588,2.593,2.629,2.841,3.038,3.013,2.701,2.657,2.559,2.380,2.520,2.564,2.585,2.592,2.660,2.913,3.013,2.965,2.795,2.664,2.630,2.616,2.580,2.561,2.584,2.658,2.770,3.063,2.897,2.965,2.861,2.852,2.736,2.722,2.634,2.629,2.736,2.911,2.933,2.933
9:38:29,30.3,2.908,2.834,2.720,2.375,2.584,2.671,2.638,2.602,2.593,2.684,2.836,2.874,2.947,2.715,2.406,2.372,2.618,2.608,2.491,2.615,2.553,2.576,2.711,3.006,2.900,2.745,2.568,2.629,2.635,2.627,2.574,2.448,2.531,2.565,2.636,2.962,2.946,2.864,2.654,2.651,2.603,2.628,2.591,2.550,2.553,2.636,2.598,2.819,3.021,2.935,2.693,2.624,2.583,2.489,2.546,2.528,2.603,2.605,2.643,2.857,3.049,3.018,2.713,2.655,2.575,2.417,2.546,2.577,2.592,2.607,2.675,2.910,3.032,2.987,2.805,2.672,2.648,2.622,2.590,2.576,2.594,2.667,2.785,3.066,2.928,2.994,2.869,2.844,2.742,2.726,2.645,2.642,2.756,2.922,2.944,2.939
9:48:29,30.2,2.923,2.850,2.787,2.447,2.633,2.675,2.648,2.614,2.624,2.705,2.845,2.897,2.954,2.765,2.446,2.436,2.626,2.614,2.513,2.622,2.572,2.597,2.725,3.010,2.936,2.786,2.601,2.640,2.638,2.629,2.583,2.474,2.551,2.578,2.644,2.970,2.970,2.872,2.663,2.656,2.604,2.631,2.589,2.574,2.568,2.642,2.605,2.821,3.037,2.942,2.694,2.635,2.586,2.504,2.564,2.547,2.609,2.607,2.642,2.862,3.053,3.016,2.721,2.658,2.580,2.429,2.567,2.590,2.603,2.611,2.686,2.917,3.049,3.006,2.820,2.679,2.656,2.630,2.596,2.585,2.606,2.671,2.793,3.068,2.951,3.007,2.883,2.848,2.748,2.727,2.656,2.657,2.758,2.921,2.949,2.940
9:58:29,30.3,2.931,2.859,2.802,2.486,2.651,2.685,2.659,2.626,2.632,2.717,2.857,2.913,2.971,2.783,2.467,2.429,2.635,2.619,2.516,2.626,2.576,2.596,2.722,3.021,2.947,2.799,2.620,2.636,2.643,2.643,2.590,2.463,2.546,2.577,2.651,2.975,2.967,2.876,2.664,2.663,2.609,2.628,2.606,2.571,2.572,2.641,2.602,2.834,3.033,2.951,2.703,2.635,2.595,2.526,2.565,2.548,2.613,2.607,2.643,2.859,3.063,3.026,2.724,2.658,2.583,2.433,2.561,2.591,2.607,2.614,2.690,2.923,3.060,3.001,2.828,2.684,2.659,2.629,2.602,2.586,2.611,2.674,2.793,3.080,2.951,3.017,2.881,2.850,2.755,2.735,2.668,2.662,2.764,2.910,2.954,2.941
10:08:29,30.3,2.935,2.874,2.835,2.575,2.670,2.693,2.664,2.634,2.651,2.732,2.867,2.936,2.991,2.809,2.519,2.471,2.645,2.625,2.533,2.628,2.590,2.604,2.732,3.033,2.968,2.816,2.632,2.649,2.646,2.647,2.599,2.496,2.569,2.584,2.660,2.982,2.974,2.884,2.673,2.667,2.611,2.637,2.603,2.591,2.584,2.641,2.602,2.845,3.042,2.956,2.703,2.637,2.600,2.533,2.579,2.570,2.616,2.613,2.640,2.860,3.056,3.022,2.728,2.661,2.586,2.454,2.572,2.599,2.612,2.617,2.689,2.930,3.067,3.017,2.830,2.693,2.668,2.638,2.609,2.594,2.620,2.686,2.797,3.075,2.963,3.017,2.886,2.850,2.762,2.735,2.668,2.670,2.767,2.921,2.957,2.946
10:18:29,30.2,2.936,2.880,2.828,2.571,2.664,2.694,2.667,2.646,2.650,2.735,2.873,2.932,2.988,2.802,2.510,2.451,2.641,2.626,2.512,2.623,2.588,2.608,2.737,3.025,2.972,2.819,2.633,2.648,2.653,2.649,2.600,2.462,2.556,2.583,2.660,2.982,2.976,2.885,2.673,2.670,2.619,2.618,2.624,2.572,2.571,2.654,2.607,2.848,3.048,2.949,2.713,2.641,2.608,2.564,2.588,2.550,2.611,2.614,2.651,2.857,3.064,3.040,2.719,2.666,2.584,2.440,2.582,2.598,2.613,2.618,2.695,2.935,3.063,3.003,2.830,2.685,2.661,2.638,2.606,2.588,2.623,2.692,2.792,3.073,2.962,3.021,2.888,2.863,2.762,2.743,2.667,2.670,2.766,2.917,2.954,2.943
10:28:29,30.3,2.958,2.899,2.856,2.700,2.699,2.706,2.678,2.650,2.672,2.743,2.874,2.955,3.022,2.835,2.613,2.534,2.659,2.628,2.546,2.636,2.609,2.626,2.748,3.045,3.009,2.834,2.640,2.661,2.653,2.658,2.605,2.507,2.595,2.594,2.679,3.001,3.008,2.900,2.685,2.673,2.623,2.648,2.613,2.600,2.596,2.656,2.616,2.855,3.054,2.964,2.711,2.645,2.612,2.557,2.587,2.580,2.623,2.623,2.654,2.868,3.073,3.035,2.741,2.671,2.595,2.479,2.588,2.608,2.625,2.624,2.701,2.948,3.086,3.029,2.845,2.704,2.677,2.642,2.615,2.601,2.629,2.702,2.808,3.078,2.979,3.034,2.894,2.865,2.776,2.741,2.682,2.681,2.783,2.926,2.967,2.947
10:38:29,30.3,2.972,2.909,2.864,2.724,2.709,2.711,2.685,2.658,2.681,2.755,2.882,2.969,3.029,2.845,2.642,2.556,2.659,2.630,2.549,2.639,2.615,2.627,2.755,3.045,3.018,2.847,2.654,2.667,2.656,2.662,2.614,2.514,2.594,2.597,2.680,2.999,3.010,2.902,2.688,2.671,2.623,2.644,2.623,2.603,2.599,2.654,2.616,2.854,3.058,2.961,2.717,2.647,2.614,2.559,2.598,2.582,2.625,2.619,2.653,2.868,3.080,3.037,2.740,2.672,2.601,2.483,2.595,2.612,2.621,2.627,2.703,2.948,3.084,3.032,2.849,2.699,2.683,2.643,2.613,2.607,2.635,2.703,2.817,3.082,3.000,3.036,2.897,2.864,2.777,2.747,2.687,2.686,2.781,2.932,2.968,2.942
10:48:29,30.3,2.980,2.914,2.872,2.757,2.718,2.711,2.687,2.662,2.685,2.766,2.888,2.977,3.035,2.849,2.675,2.594,2.659,2.638,2.563,2.645,2.619,2.632,2.760,3.052,3.025,2.857,2.663,2.670,2.657,2.667,2.624,2.528,2.610,2.601,2.685,3.007,3.014,2.900,2.689,2.680,2.622,2.644,2.623,2.616,2.605,2.665,2.619,2.857,3.052,2.971,2.718,2.658,2.614,2.572,2.599,2.593,2.628,2.623,2.656,2.872,3.084,3.036,2.742,2.680,2.601,2.490,2.597,2.620,2.623,2.629,2.703,2.948,3.081,3.031,2.853,2.704,2.686,2.648,2.621,2.609,2.638,2.705,2.816,3.094,3.007,3.046,2.901,2.864,2.780,2.752,2.694,2.686,2.785,2.942,2.975,2.939
10:58:29,30.3,2.985,2.927,2.883,2.768,2.724,2.712,2.688,2.666,2.692,2.774,2.897,2.983,3.041,2.854,2.685,2.605,2.666,2.639,2.558,2.649,2.622,2.637,2.761,3.050,3.024,2.860,2.668,2.668,2.658,2.671,2.624,2.522,2.605,2.602,2.688,3.006,3.006,2.908,2.689,2.682,2.624,2.642,2.632,2.622,2.602,2.660,2.623,2.860,3.064,2.962,2.713,2.660,2.618,2.587,2.610,2.592,2.631,2.624,2.659,2.868,3.084,3.044,2.739,2.674,2.605,2.499,2.602,2.620,2.627,2.624,2.704,2.951,3.084,3.029,2.850,2.709,2.685,2.649,2.621,2.610,2.646,2.709,2.814,3.087,3.005,3.042,2.904,2.869,2.782,2.752,2.695,2.688,2.784,2.943,2.970,2.943
11:08:29,30.3,2.999,2.936,2.887,2.777,2.724,2.713,2.696,2.675,2.699,2.781,2.904,2.987,3.051,2.860,2.704,2.620,2.663,2.641,2.566,2.652,2.623,2.643,2.766,3.052,3.030,2.867,2.668,2.673,2.657,2.680,2.630,2.539,2.620,2.609,2.693,2.999,3.017,2.917,2.693,2.682,2.623,2.648,2.633,2.634,2.609,2.666,2.627,2.861,3.069,2.968,2.723,2.664,2.623,2.583,2.613,2.603,2.633,2.629,2.662,2.873,3.081,3.048,2.738,2.679,2.605,2.506,2.606,2.628,2.630,2.632,2.709,2.948,3.087,3.049,2.861,2.708,2.694,2.651,2.625,2.612,2.649,2.711,2.815,3.096,3.015,3.042,2.900,2.870,2.782,2.753,2.699,2.698,2.790,2.945,2.978,2.942
11:18:29,30.3,2.998,2.923,2.892,2.776,2.729,2.710,2.692,2.675,2.699,2.782,2.912,2.991,3.049,2.861,2.707,2.627,2.664,2.644,2.555,2.649,2.627,2.640,2.774,3.058,3.029,2.876,2.676,2.674,2.668,2.674,2.631,2.524,2.610,2.606,2.694,3.009,3.006,2.909,2.689,2.691,2.635,2.636,2.648,2.626,2.610,2.663,2.619,2.855,3.066,2.955,2.730,2.662,2.632,2.604,2.618,2.603,2.631,2.627,2.659,2.867,3.079,3.042,2.740,2.673,2.607,2.490,2.610,2.627,2.629,2.630,2.707,2.940,3.088,3.034,2.852,2.707,2.688,2.653,2.623,2.614,2.651,2.712,2.815,3.089,3.012,3.044,2.904,2.872,2.778,2.762,2.693,2.696,2.786,2.937,2.977,2.942
11:28:29,30.3,2.994,2.941,2.899,2.788,2.732,2.711,2.699,2.679,2.705,2.784,2.912,2.996,3.045,2.868,2.716,2.639,2.672,2.644,2.567,2.653,2.632,2.649,2.776,3.061,3.036,2.878,2.676,2.677,2.666,2.682,2.634,2.534,2.614,2.610,2.694,3.008,3.015,2.915,2.693,2.686,2.640,2.640,2.648,2.632,2.615,2.668,2.630,2.868,3.073,2.969,2.730,2.658,2.626,2.607,2.620,2.608,2.633,2.632,2.662,2.875,3.092,3.047,2.745,2.676,2.606,2.507,2.615,2.633,2.634,2.638,2.717,2.954,3.092,3.043,2.857,2.711,2.689,2.654,2.627,2.614,2.656,2.717,2.815,3.097,3.024,3.047,2.900,2.866,2.788,2.759,2.697,2.706,2.789,2.941,2.983,2.948
11:38:29,30.3,3.016,2.939,2.900,2.797,2.737,2.716,2.705,2.687,2.706,2.789,2.920,3.003,3.068,2.874,2.721,2.652,2.670,2.648,2.578,2.662,2.633,2.654,2.786,3.060,3.052,2.885,2.674,2.686,2.669,2.688,2.639,2.560,2.628,2.614,2.701,3.017,3.031,2.923,2.705,2.696,2.639,2.654,2.644,2.643,2.617,2.677,2.634,2.873,3.075,2.976,2.730,2.665,2.632,2.599,2.626,2.615,2.637,2.634,2.670,2.881,3.095,3.058,2.752,2.688,2.609,2.522,2.626,2.639,2.637,2.639,2.718,2.957,3.095,3.049,2.865,2.713,2.700,2.661,2.628,2.617,2.658,2.723,2.825,3.104,3.033,3.067,2.916,2.876,2.791,2.759,2.708,2.704,2.792,2.948,2.989,2.943
11:48:29,30.2,3.009,2.944,2.910,2.800,2.742,2.716,2.708,2.688,2.711,2.790,2.914,3.004,3.064,2.878,2.728,2.655,2.672,2.649,2.575,2.661,2.632,2.655,2.782,3.060,3.050,2.890,2.682,2.683,2.670,2.683,2.641,2.550,2.626,2.614,2.705,3.017,3.025,2.914,2.703,2.687,2.639,2.646,2.647,2.645,2.621,2.678,2.633,2.870,3.090,2.976,2.736,2.662,2.631,2.616,2.632,2.615,2.639,2.634,2.667,2.877,3.098,3.061,2.746,2.684,2.611,2.515,2.624,2.641,2.635,2.640,2.719,2.960,3.101,3.050,2.859,2.718,2.693,2.664,2.635,2.625,2.661,2.722,2.823,3.108,3.027,3.057,2.916,2.880,2.781,2.762,2.706,2.708,2.793,2.950,2.983,2.946
11:58:29,30.2,3.018,2.950,2.922,2.809,2.737,2.721,2.705,2.692,2.718,2.792,2.918,3.009,3.065,2.890,2.725,2.664,2.673,2.653,2.584,2.664,2.638,2.663,2.789,3.068,3.048,2.898,2.682,2.690,2.671,2.691,2.647,2.568,2.631,2.616,2.705,3.014,3.040,2.929,2.705,2.695,2.641,2.650,2.648,2.652,2.623,2.680,2.640,2.876,3.074,2.974,2.733,2.671,2.634,2.613,2.636,2.620,2.639,2.639,2.671,2.880,3.105,3.052,2.748,2.689,2.615,2.528,2.630,2.646,2.640,2.639,2.724,2.966,3.099,3.062,2.866,2.718,2.701,2.665,2.636,2.623,2.663,2.722,2.823,3.112,3.028,3.064,2.918,2.879,2.792,2.763,2.713,2.710,2.796,2.949,2.990,2.946
12:08:29,30.3,3.018,2.953,2.923,2.813,2.744,2.719,2.708,2.695,2.715,2.805,2.923,3.005,3.076,2.893,2.732,2.665,2.673,2.655,2.582,2.666,2.639,2.660,2.788,3.061,3.051,2.900,2.686,2.688,2.671,2.689,2.648,2.560,2.634,2.620,2.701,3.018,3.027,2.924,2.704,2.692,2.645,2.648,2.655,2.659,2.626,2.682,2.638,2.881,3.090,2.969,2.736,2.671,2.634,2.623,2.643,2.623,2.638,2.639,2.671,2.879,3.090,3.052,2.748,2.688,2.614,2.523,2.630,2.643,2.639,2.642,2.720,2.963,3.098,3.058,2.865,2.719,2.701,2.667,2.633,2.625,2.666,2.727,2.822,3.107,3.029,3.063,2.916,2.876,2.788,2.766,2.713,2.706,2.795,2.950,2.995,2.945

700

Time,T° 700,A1,A2,A3,A4,A5,A6,A7,A8,A9,A10,A11,A12,B1,B2,B3,B4,B5,B6,B7,B8,B9,B10,B11,B12,C1,C2,C3,C4,C5,C6,C7,C8,C9,C10,C11,C12,D1,D2,D3,D4,D5,D6,D7,D8,D9,D10,D11,D12,E1,E2,E3,E4,E5,E6,E7,E8,E9,E10,E11,E12,F1,F2,F3,F4,F5,F6,F7,F8,F9,F10,F11,F12,G1,G2,G3,G4,G5,G6,G7,G8,G9,G10,G11,G12,H1,H2,H3,H4,H5,H6,H7,H8,H9,H10,H11,H12
0:09:15,30.0,1.381,1.154,1.174,0.981,0.884,0.881,0.835,0.809,0.785,0.938,1.097,1.359,1.362,1.029,0.872,0.744,0.728,0.728,0.701,0.768,0.680,0.735,0.893,1.356,1.340,1.066,0.825,0.773,0.759,0.779,0.744,0.711,0.753,0.715,0.796,1.309,1.314,1.059,0.738,0.742,0.763,0.783,0.718,0.776,0.711,0.758,0.683,0.987,1.377,1.160,0.790,0.752,0.727,0.728,0.750,0.699,0.733,0.733,0.747,1.110,1.380,1.235,0.874,0.786,0.706,0.668,0.719,0.698,0.727,0.719,0.816,1.184,1.428,1.253,1.058,0.839,0.762,0.741,0.669,0.669,0.769,0.847,0.965,1.381,1.399,1.366,1.098,1.110,0.954,0.954,0.873,0.813,0.984,1.180,1.277,1.364
0:19:15,30.0,1.387,1.161,1.175,0.987,0.888,0.889,0.840,0.815,0.792,0.944,1.103,1.366,1.368,1.030,0.875,0.750,0.733,0.734,0.706,0.772,0.689,0.739,0.897,1.362,1.345,1.073,0.834,0.777,0.767,0.788,0.743,0.723,0.765,0.719,0.802,1.313,1.320,1.062,0.741,0.751,0.773,0.780,0.714,0.781,0.715,0.765,0.693,0.996,1.379,1.162,0.786,0.755,0.735,0.736,0.755,0.705,0.736,0.740,0.752,1.115,1.383,1.237,0.874,0.788,0.709,0.676,0.729,0.707,0.733,0.723,0.824,1.192,1.434,1.255,1.062,0.844,0.771,0.748,0.675,0.677,0.776,0.852,0.979,1.389,1.401,1.371,1.103,1.115,0.960,0.963,0.880,0.825,0.995,1.192,1.287,1.373
0:29:15,30.1,1.393,1.169,1.180,0.997,0.893,0.893,0.848,0.819,0.799,0.951,1.109,1.369,1.371,1.036,0.880,0.758,0.737,0.739,0.710,0.778,0.695,0.745,0.904,1.365,1.348,1.072,0.834,0.783,0.771,0.791,0.736,0.729,0.772,0.725,0.806,1.319,1.323,1.068,0.746,0.756,0.777,0.773,0.706,0.782,0.724,0.770,0.698,1.004,1.381,1.166,0.788,0.759,0.741,0.742,0.754,0.713,0.741,0.746,0.758,1.120,1.384,1.239,0.879,0.797,0.711,0.681,0.739,0.716,0.737,0.726,0.827,1.198,1.434,1.259,1.063,0.851,0.773,0.754,0.682,0.682,0.779,0.858,0.984,1.395,1.404,1.375,1.109,1.120,0.970,0.968,0.886,0.832,1.002,1.202,1.294,1.379
0:39:15,30.1,1.397,1.177,1.185,1.000,0.897,0.899,0.855,0.821,0.805,0.957,1.116,1.373,1.374,1.042,0.887,0.764,0.741,0.743,0.715,0.781,0.700,0.749,0.907,1.369,1.351,1.076,0.838,0.788,0.777,0.780,0.726,0.734,0.777,0.730,0.810,1.321,1.328,1.073,0.748,0.757,0.767,0.769,0.704,0.774,0.731,0.775,0.703,1.007,1.385,1.171,0.792,0.763,0.745,0.748,0.754,0.718,0.748,0.751,0.762,1.125,1.388,1.247,0.882,0.799,0.722,0.690,0.746,0.723,0.742,0.731,0.830,1.198,1.437,1.262,1.065,0.855,0.781,0.761,0.686,0.689,0.784,0.862,0.987,1.399,1.406,1.378,1.110,1.125,0.976,0.973,0.890,0.839,1.004,1.206,1.295,1.383
0:49:15,30.1,1.403,1.183,1.187,1.006,0.900,0.909,0.860,0.827,0.810,0.964,1.121,1.378,1.379,1.046,0.891,0.771,0.745,0.748,0.723,0.781,0.705,0.753,0.910,1.374,1.356,1.079,0.841,0.793,0.782,0.773,0.720,0.743,0.789,0.735,0.814,1.323,1.335,1.077,0.754,0.765,0.764,0.769,0.705,0.766,0.735,0.780,0.709,1.008,1.390,1.175,0.798,0.765,0.750,0.746,0.755,0.723,0.754,0.755,0.767,1.131,1.392,1.252,0.890,0.811,0.730,0.697,0.752,0.731,0.748,0.733,0.835,1.204,1.442,1.268,1.068,0.866,0.787,0.766,0.690,0.699,0.789,0.867,0.992,1.402,1.410,1.383,1.113,1.135,0.980,0.978,0.898,0.846,1.008,1.210,1.298,1.386
0:59:15,30.1,1.409,1.189,1.195,1.011,0.907,0.918,0.865,0.829,0.816,0.968,1.126,1.383,1.383,1.050,0.896,0.775,0.752,0.751,0.727,0.788,0.710,0.757,0.915,1.377,1.360,1.082,0.848,0.800,0.787,0.765,0.715,0.745,0.798,0.741,0.817,1.328,1.340,1.082,0.759,0.771,0.771,0.769,0.705,0.760,0.741,0.787,0.712,1.015,1.395,1.182,0.804,0.773,0.754,0.745,0.755,0.725,0.760,0.761,0.773,1.136,1.397,1.255,0.896,0.815,0.736,0.705,0.761,0.740,0.754,0.739,0.839,1.207,1.448,1.276,1.073,0.866,0.792,0.772,0.696,0.697,0.796,0.872,0.995,1.407,1.417,1.389,1.119,1.141,0.993,0.983,0.903,0.853,1.013,1.212,1.301,1.390
1:09:15,30.1,1.415,1.198,1.198,1.018,0.915,0.923,0.874,0.834,0.821,0.974,1.133,1.389,1.391,1.057,0.901,0.781,0.764,0.692,0.736,0.792,0.715,0.762,0.920,1.383,1.365,1.087,0.850,0.804,0.786,0.762,0.719,0.728,0.803,0.747,0.822,1.332,1.344,1.086,0.764,0.778,0.752,0.775,0.709,0.757,0.750,0.792,0.718,1.019,1.403,1.187,0.811,0.779,0.758,0.743,0.755,0.726,0.767,0.769,0.778,1.141,1.403,1.263,0.901,0.821,0.743,0.715,0.768,0.748,0.760,0.744,0.842,1.210,1.456,1.280,1.080,0.879,0.800,0.780,0.703,0.711,0.801,0.880,1.000,1.412,1.456,1.399,1.126,1.149,0.989,0.988,0.907,0.858,1.018,1.218,1.307,1.393
1:19:15,30.1,1.434,1.204,1.204,1.025,0.923,0.933,0.877,0.839,0.827,0.980,1.140,1.394,1.399,1.061,0.908,0.789,0.771,0.689,0.724,0.802,0.722,0.768,0.925,1.389,1.372,1.095,0.857,0.813,0.760,0.767,0.723,0.700,0.807,0.754,0.828,1.338,1.351,1.095,0.770,0.780,0.744,0.787,0.712,0.758,0.759,0.796,0.724,1.024,1.411,1.193,0.818,0.789,0.764,0.744,0.758,0.708,0.776,0.774,0.785,1.147,1.410,1.270,0.910,0.834,0.748,0.740,0.767,0.759,0.767,0.748,0.847,1.214,1.464,1.286,1.086,0.888,0.801,0.789,0.710,0.713,0.810,0.886,1.003,1.416,1.470,1.412,1.134,1.159,0.999,0.999,0.915,0.865,1.023,1.222,1.312,1.399
1:29:15,30.1,1.444,1.212,1.210,1.032,0.930,0.944,0.886,0.847,0.835,0.989,1.148,1.403,1.407,1.069,0.913,0.794,0.778,0.686,0.679,0.809,0.729,0.773,0.932,1.396,1.379,1.099,0.862,0.820,0.745,0.773,0.724,0.676,0.820,0.762,0.835,1.343,1.359,1.102,0.777,0.788,0.739,0.795,0.715,0.761,0.768,0.805,0.730,1.032,1.419,1.200,0.827,0.798,0.774,0.750,0.760,0.699,0.793,0.783,0.793,1.153,1.417,1.273,0.920,0.845,0.760,0.749,0.778,0.769,0.779,0.757,0.853,1.222,1.468,1.292,1.091,0.899,0.815,0.799,0.718,0.729,0.815,0.895,1.009,1.423,1.466,1.421,1.150,1.167,1.005,1.006,0.920,0.875,1.034,1.230,1.319,1.407
1:39:15,30.1,1.477,1.221,1.218,1.040,0.941,0.953,0.892,0.854,0.845,0.996,1.156,1.411,1.423,1.077,0.921,0.805,0.785,0.694,0.674,0.821,0.738,0.781,0.940,1.403,1.387,1.108,0.866,0.829,0.737,0.783,0.726,0.672,0.822,0.771,0.840,1.350,1.368,1.111,0.785,0.799,0.743,0.804,0.718,0.767,0.780,0.808,0.739,1.040,1.425,1.213,0.841,0.813,0.810,0.753,0.761,0.694,0.824,0.792,0.801,1.160,1.427,1.288,0.927,0.857,0.768,0.680,0.748,0.798,0.790,0.766,0.861,1.229,1.478,1.300,1.104,0.911,0.821,0.812,0.729,0.732,0.824,0.902,1.019,1.431,1.468,1.438,1.171,1.182,1.016,1.018,0.929,0.885,1.042,1.240,1.328,1.414
1:49:15,30.1,1.481,1.231,1.228,1.050,0.961,0.961,0.905,0.863,0.855,1.007,1.165,1.419,1.436,1.085,0.928,0.812,0.798,0.692,0.671,0.832,0.749,0.790,0.949,1.413,1.396,1.115,0.872,0.836,0.725,0.790,0.730,0.671,0.834,0.777,0.849,1.357,1.378,1.119,0.795,0.811,0.823,0.813,0.726,0.774,0.791,0.817,0.746,1.050,1.435,1.224,0.869,0.733,0.814,0.759,0.763,0.695,0.843,0.802,0.810,1.169,1.435,1.299,0.937,0.866,0.779,0.664,0.737,0.814,0.811,0.777,0.870,1.240,1.483,1.312,1.120,0.921,0.835,0.824,0.742,0.746,0.831,0.912,1.027,1.441,1.474,1.459,1.199,1.197,1.028,1.030,0.939,0.896,1.049,1.250,1.337,1.423
1:59:15,30.2,1.471,1.244,1.235,1.060,0.971,0.975,0.914,0.876,0.868,1.018,1.177,1.430,1.456,1.097,0.940,0.824,0.808,0.693,0.674,0.874,0.760,0.800,0.959,1.423,1.407,1.122,0.878,0.844,0.722,0.804,0.732,0.665,0.843,0.788,0.859,1.366,1.389,1.130,0.805,0.824,0.814,0.820,0.728,0.786,0.805,0.830,0.757,1.063,1.447,1.236,0.937,0.697,1.251,0.770,0.767,0.702,0.835,0.817,0.821,1.178,1.443,1.311,0.946,0.881,0.791,0.649,0.749,0.800,0.840,0.787,0.881,1.253,1.486,1.326,1.138,0.936,0.847,0.839,0.754,0.760,0.838,0.921,1.038,1.451,1.482,1.497,1.231,1.219,1.042,1.047,0.950,0.904,1.059,1.260,1.349,1.434
2:09:15,30.2,1.444,1.258,1.245,1.072,0.984,0.991,0.926,0.887,0.881,1.029,1.190,1.441,1.433,1.108,0.949,0.834,0.827,0.688,0.669,0.850,0.773,0.810,0.968,1.434,1.419,1.133,0.886,0.852,0.727,0.818,0.739,0.666,0.856,0.798,0.867,1.376,1.402,1.143,0.817,0.842,0.812,0.832,0.733,0.817,0.822,0.841,0.766,1.075,1.476,1.249,0.907,0.682,1.416,0.780,0.771,0.708,0.774,0.838,0.831,1.188,1.454,1.331,0.960,0.898,0.804,0.645,0.765,0.797,0.896,0.800,0.893,1.264,1.496,1.347,1.160,0.957,0.860,0.852,0.766,0.765,0.848,0.931,1.050,1.464,1.484,1.501,1.249,1.313,1.055,1.060,0.960,0.924,1.074,1.270,1.362,1.447
2:19:15,30.2,1.411,1.272,1.260,1.085,1.006,1.001,0.939,0.908,0.897,1.043,1.204,1.456,1.396,1.119,0.956,0.845,0.842,1.060,0.748,0.762,0.786,0.822,0.980,1.446,1.431,1.149,0.893,0.861,0.738,0.830,0.764,0.856,0.868,0.806,0.879,1.386,1.418,1.155,0.829,0.858,0.834,0.846,0.745,0.809,0.809,0.857,0.780,1.091,1.515,1.295,0.861,0.693,1.401,0.787,0.775,0.713,0.697,0.877,0.845,1.199,1.466,1.444,1.048,0.953,0.818,0.643,0.784,0.722,0.959,0.817,0.905,1.280,1.552,1.367,1.197,0.986,0.875,0.863,0.802,0.787,0.857,0.943,1.062,1.476,1.463,1.491,1.284,1.246,1.072,1.075,0.972,0.940,1.083,1.286,1.373,1.462
2:29:15,30.2,1.368,1.290,1.269,1.100,1.030,1.022,0.952,0.930,0.913,1.056,1.216,1.469,1.376,1.134,0.968,0.859,0.865,0.791,1.215,0.811,0.801,0.835,0.993,1.458,1.444,1.162,0.901,0.872,1.302,0.843,0.838,1.157,0.883,0.816,0.891,1.397,1.432,1.170,0.845,0.945,0.850,0.866,0.754,0.813,0.754,0.874,0.791,1.107,1.585,1.346,0.841,0.724,1.342,0.797,0.779,0.717,0.698,0.980,0.860,1.211,1.497,1.541,1.134,1.161,0.851,0.642,0.816,0.999,0.981,0.834,0.920,1.295,1.706,1.390,1.276,1.020,0.892,0.888,0.810,0.806,0.868,0.955,1.075,1.491,1.446,1.462,1.359,1.223,1.145,1.095,0.986,0.963,1.101,1.296,1.389,1.475
2:39:15,30.2,1.354,1.319,1.283,1.113,1.130,1.121,1.078,1.019,0.928,1.071,1.234,1.483,1.364,1.149,0.980,0.872,0.973,0.814,0.788,0.920,0.817,0.848,1.006,1.472,1.460,1.175,0.909,0.882,1.099,0.862,0.821,0.930,0.897,0.828,0.906,1.410,1.449,1.183,0.861,0.808,0.867,0.882,0.773,0.829,1.314,0.890,0.806,1.123,1.747,1.584,1.101,0.729,1.230,0.804,0.782,0.724,1.190,1.091,0.875,1.224,1.640,1.773,1.257,1.609,0.907,0.648,0.841,1.295,0.968,0.849,0.936,1.315,1.818,1.501,1.385,1.053,0.913,0.934,0.781,0.826,0.879,0.970,1.091,1.506,1.454,1.442,1.537,1.605,1.225,1.178,1.001,0.996,1.116,1.312,1.405,1.493
2:49:15,30.2,1.347,1.369,1.302,1.131,1.299,1.309,1.372,1.160,0.947,1.087,1.249,1.518,1.344,1.167,0.996,0.887,1.318,0.830,0.764,0.882,0.833,0.863,1.021,1.485,1.474,1.192,0.923,0.896,1.041,0.876,0.818,0.854,0.951,0.842,0.920,1.423,1.467,1.198,0.879,0.869,0.877,0.895,0.790,0.840,1.358,0.927,0.822,1.142,1.999,2.041,1.540,1.373,1.482,0.814,0.785,0.865,1.366,1.119,0.890,1.239,1.947,1.887,1.593,1.396,0.964,1.353,0.854,0.806,0.977,0.867,0.950,1.332,2.144,1.758,1.470,1.116,0.940,1.178,0.758,0.844,0.893,0.984,1.105,1.524,1.737,1.501,1.730,1.437,1.268,1.239,1.110,1.055,1.133,1.327,1.423,1.507
2:59:15,30.1,1.346,1.691,1.318,1.149,1.766,1.745,1.833,1.323,0.965,1.104,1.267,1.592,1.361,1.193,1.033,0.903,1.382,0.845,0.780,0.899,0.850,0.879,1.035,1.502,1.535,1.210,0.938,0.915,0.864,0.896,0.828,0.985,1.003,0.854,0.935,1.437,1.490,1.218,0.898,1.229,0.893,0.911,0.808,0.860,1.366,1.001,0.839,1.161,2.276,1.913,1.465,1.497,1.066,0.828,0.787,1.007,1.531,1.131,0.909,1.255,2.061,2.015,1.662,1.170,1.411,1.363,0.867,0.792,1.124,0.889,0.968,1.350,2.394,2.087,1.565,1.842,1.008,1.292,1.130,0.876,0.907,1.000,1.123,1.541,2.293,2.107,1.952,1.660,1.363,1.282,1.144,1.133,1.151,1.344,1.444,1.525
3:09:15,30.1,1.351,1.927,1.352,1.171,1.970,1.443,1.919,1.493,0.993,1.121,1.284,1.687,1.408,1.236,1.066,0.921,0.850,0.863,0.788,1.550,0.967,0.897,1.052,1.518,1.617,1.232,0.954,0.934,0.888,0.917,0.873,1.296,1.148,0.872,0.951,1.452,1.571,1.266,0.918,0.833,0.911,0.926,0.824,0.905,1.355,1.104,0.856,1.181,2.206,1.558,1.164,1.325,0.963,0.842,0.791,0.961,1.673,1.446,0.928,1.278,1.799,2.159,1.660,1.398,1.581,1.303,0.880,0.899,1.758,0.910,0.987,1.372,2.361,1.857,2.049,1.964,1.533,1.424,1.482,1.062,0.926,1.017,1.140,1.559,2.384,2.370,1.699,1.930,1.614,1.778,1.171,1.297,1.176,1.363,1.514,1.543
3:19:15,30.1,1.615,1.778,1.413,1.200,2.073,1.722,1.804,1.616,1.036,1.149,1.306,1.840,1.494,1.367,1.105,0.953,1.490,0.882,0.799,1.114,1.168,0.915,1.069,1.535,1.381,1.254,0.972,0.952,0.903,0.938,0.969,1.251,0.827,0.914,0.970,1.468,1.834,1.375,0.981,1.420,0.929,0.936,0.842,1.014,0.981,1.244,0.874,1.202,2.204,1.948,1.032,0.884,0.882,0.861,0.799,0.886,1.436,1.914,0.952,1.318,1.687,2.108,1.698,1.212,1.617,1.147,0.901,0.858,1.904,0.987,1.006,1.431,2.456,1.980,2.211,2.050,1.653,1.666,1.496,1.168,0.976,1.035,1.159,1.576,2.430,2.431,2.011,2.191,1.853,1.625,1.207,1.367,1.263,1.381,1.688,1.563
3:29:15,30.1,1.668,2.034,1.570,1.248,2.098,1.390,1.193,1.803,1.136,1.195,1.366,1.935,1.631,1.602,1.169,1.025,1.036,0.903,0.810,0.979,1.407,0.934,1.087,1.573,2.129,1.325,1.008,0.991,0.918,0.947,1.288,1.255,0.885,1.000,0.989,1.487,1.839,1.744,1.402,1.567,0.947,0.948,0.873,1.287,0.846,1.772,0.941,1.227,2.288,1.995,1.587,0.916,0.888,0.877,0.804,0.878,0.963,2.008,1.013,1.453,2.357,1.768,1.571,1.695,1.696,1.092,0.917,0.882,2.007,1.109,1.043,1.525,2.259,1.788,2.097,2.061,1.754,1.817,0.879,1.466,1.038,1.056,1.184,1.616,2.334,2.360,2.232,2.241,1.858,1.681,1.713,1.332,1.416,1.435,2.064,1.585
3:39:15,30.1,1.712,1.905,1.862,1.377,2.054,0.979,1.761,2.035,1.368,1.268,1.456,2.088,1.963,1.905,1.251,1.133,1.112,0.935,0.831,0.929,1.570,0.961,1.115,1.650,2.175,1.497,1.160,1.360,0.944,0.963,1.411,1.214,1.728,1.299,1.014,1.505,2.211,1.691,1.376,0.950,0.967,0.957,1.015,1.514,0.866,1.951,1.130,1.273,2.343,1.968,1.442,0.938,0.903,0.895,0.862,0.894,0.894,2.059,1.366,1.768,2.521,2.110,1.358,1.259,1.686,0.961,0.938,0.903,2.079,1.328,1.084,1.652,2.444,2.175,2.068,2.128,1.446,1.672,0.884,1.760,1.264,1.077,1.340,1.721,2.453,2.395,2.277,1.954,1.976,1.939,1.846,1.283,1.866,1.742,2.081,1.607
3:49:15,30.1,1.619,1.624,2.103,1.656,1.782,1.646,1.278,2.120,1.715,1.409,1.731,2.175,1.956,2.092,1.458,1.268,1.520,0.953,0.861,0.947,1.594,1.070,1.188,1.831,2.305,1.839,1.556,1.417,0.965,1.137,1.497,1.357,1.489,1.526,1.097,1.565,1.973,2.021,1.236,1.034,0.987,1.139,1.283,1.632,0.896,1.788,1.471,1.372,2.205,1.528,1.055,0.965,0.924,0.910,1.178,0.987,0.929,2.016,1.742,1.988,2.159,1.954,1.789,0.951,1.663,0.969,0.947,0.929,2.080,1.683,1.295,2.053,2.354,2.163,2.057,1.979,1.795,1.051,0.894,1.860,1.631,1.147,1.732,1.967,2.373,2.174,2.222,1.339,2.060,1.943,1.940,1.355,2.018,2.119,2.152,1.631
3:59:15,30.1,1.746,1.754,2.269,1.915,1.764,1.102,1.587,2.133,1.902,1.672,2.013,2.429,2.413,2.248,1.712,1.406,1.038,0.984,0.947,0.970,1.860,1.370,1.347,2.177,2.176,2.068,1.914,1.568,0.985,1.401,1.514,1.486,1.059,1.622,1.243,1.738,2.331,2.058,1.565,0.981,1.006,1.223,1.448,1.640,0.924,1.729,1.653,1.560,2.267,1.371,1.016,0.989,0.937,0.921,1.340,1.064,0.957,2.021,1.914,2.121,1.542,1.443,1.198,0.991,1.493,0.962,0.963,0.948,2.109,1.832,1.677,2.205,2.405,2.175,2.061,2.216,1.754,0.984,0.912,1.853,1.819,1.404,1.971,2.352,2.527,2.329,1.941,1.351,2.141,1.964,2.170,1.835,2.109,2.248,2.373,1.655
4:09:15,30.1,2.448,1.628,2.336,2.144,1.652,1.108,1.556,2.093,2.000,1.946,2.211,2.518,2.400,2.276,1.906,1.734,0.978,1.115,1.118,0.989,2.017,1.712,1.749,2.395,1.946,2.214,1.958,1.827,1.004,1.614,1.538,1.587,0.960,1.849,1.661,1.930,2.141,2.054,1.786,1.005,1.024,1.101,1.623,1.649,0.953,1.910,1.839,1.943,2.052,1.396,1.039,1.008,0.952,0.922,1.460,1.125,0.980,2.050,2.033,2.240,1.527,1.478,1.092,1.020,1.065,1.205,0.982,0.975,2.133,1.985,1.857,2.310,2.430,1.526,1.977,2.049,1.886,1.002,0.928,1.928,1.945,1.786,2.117,2.523,2.438,2.474,1.415,1.368,2.071,1.879,2.225,2.050,2.215,2.358,2.509,1.746
4:19:15,30.1,2.384,1.462,2.180,2.277,1.568,1.145,1.072,2.045,2.013,2.074,2.358,2.574,2.053,2.215,2.045,1.887,1.007,1.260,1.377,1.039,2.098,1.903,1.937,2.441,1.589,2.299,1.919,1.879,1.023,1.731,1.476,1.583,0.986,2.013,1.889,2.290,1.993,1.891,1.646,1.027,1.046,1.098,1.642,1.639,0.977,2.035,2.006,2.141,1.620,1.427,1.071,1.024,0.979,0.944,1.315,1.301,0.994,2.124,2.110,2.335,2.213,1.513,1.120,1.050,0.965,1.088,0.994,1.000,2.164,2.078,1.971,2.415,1.707,1.525,1.318,1.249,1.742,1.006,0.951,2.053,2.023,1.933,2.243,2.605,1.845,2.210,1.391,1.390,1.905,1.412,2.233,2.097,2.296,2.424,2.547,2.216
4:29:15,30.2,2.323,1.488,2.207,2.231,1.153,1.163,1.094,2.112,2.175,2.217,2.417,2.611,1.856,2.241,2.175,1.996,1.032,1.448,1.511,1.220,2.127,2.025,2.057,2.556,1.597,2.237,2.048,1.790,1.041,1.763,1.254,1.606,1.005,2.082,2.033,2.438,2.003,1.653,1.620,1.052,1.063,1.045,1.573,1.495,0.999,1.861,2.079,2.276,1.646,1.450,1.098,1.068,1.007,1.221,1.240,1.511,1.058,1.808,2.120,2.411,2.268,1.531,1.144,1.070,0.995,1.017,1.005,1.022,2.034,2.118,2.070,2.493,1.709,1.545,1.319,1.112,1.517,1.034,0.977,2.100,2.097,2.056,2.330,2.663,1.669,1.753,1.402,1.410,1.383,1.294,2.238,2.105,2.316,2.493,2.577,2.432
4:39:15,30.1,2.122,1.514,1.979,2.197,1.202,1.197,1.131,2.124,2.254,2.283,2.420,2.599,2.061,2.119,2.211,2.108,1.061,1.570,1.514,1.308,2.163,2.107,2.177,2.617,1.639,2.100,2.000,1.111,1.148,1.697,1.169,1.597,1.037,2.118,2.136,2.506,2.022,1.343,1.145,1.085,1.134,1.068,1.142,1.507,1.131,1.238,2.119,2.372,1.679,1.474,1.120,1.194,1.036,1.567,1.043,1.573,1.293,1.513,2.166,2.465,1.685,1.558,1.168,1.095,1.028,0.955,1.087,1.044,1.495,2.050,2.148,2.548,1.736,1.572,1.358,1.143,1.061,1.066,0.999,2.152,2.139,2.179,2.380,2.704,1.701,1.657,1.424,1.540,1.291,1.317,2.252,1.938,2.361,2.504,2.626,2.518
4:49:15,30.2,2.137,1.537,1.954,2.058,1.230,1.235,1.148,1.923,2.293,2.331,2.361,2.627,2.127,1.958,2.179,2.108,1.078,1.564,1.598,1.580,2.162,2.171,2.287,2.686,1.660,2.080,1.710,1.081,1.297,1.563,1.126,1.646,1.108,2.019,2.216,2.594,1.656,1.377,1.084,1.111,1.169,1.100,1.036,1.553,1.558,1.071,2.055,2.426,1.697,1.487,1.141,1.333,1.059,1.647,0.928,1.610,1.506,1.366,2.192,2.476,1.698,1.574,1.192,1.109,1.052,1.034,1.273,1.049,1.080,2.183,2.220,2.586,1.753,1.595,1.381,1.170,1.103,1.096,1.030,1.978,2.161,2.256,2.381,2.729,1.726,1.683,1.538,1.660,1.316,1.326,2.177,2.110,2.431,2.569,2.658,2.415
4:59:15,30.2,2.198,1.569,1.491,1.896,1.258,1.251,1.182,1.148,2.202,2.348,1.917,2.611,2.269,1.395,2.007,2.199,1.125,1.530,1.656,1.712,2.180,2.180,2.334,2.691,1.686,1.417,1.118,1.120,1.397,1.476,1.102,1.601,1.283,2.156,2.213,2.584,1.650,1.408,1.123,1.138,1.230,1.132,1.074,1.564,1.752,1.102,2.125,2.433,1.721,1.512,1.165,1.491,1.084,1.481,1.163,1.541,1.695,1.330,1.945,2.503,1.729,1.659,1.212,1.203,1.076,1.045,1.602,1.188,1.083,2.122,2.282,2.572,1.776,1.614,1.396,1.190,1.142,1.125,1.058,1.135,2.210,2.296,2.463,2.607,1.754,1.713,1.701,1.755,1.329,1.343,1.824,1.993,2.351,2.518,2.484,2.392
5:09:15,30.2,2.292,1.597,1.523,1.374,1.287,1.296,1.213,1.191,2.183,2.267,1.500,2.439,1.966,1.409,2.009,2.170,1.249,1.455,1.727,1.693,2.057,2.169,2.355,2.490,1.714,1.412,1.155,1.141,1.457,1.482,1.152,1.617,1.443,1.875,2.261,2.656,1.674,1.437,1.147,1.161,1.272,1.167,1.131,1.637,1.786,1.127,1.779,2.410,1.737,1.550,1.312,1.564,1.105,1.183,1.721,1.476,1.722,1.424,1.722,2.433,1.747,1.765,1.232,1.345,1.096,1.163,1.691,1.539,1.102,1.942,2.322,2.618,1.799,1.635,1.478,1.215,1.163,1.152,1.090,1.062,2.263,2.309,2.398,2.218,1.772,1.863,1.815,1.824,1.351,1.369,1.373,1.636,2.098,2.296,1.734,2.602
5:19:15,30.2,2.357,1.625,1.553,1.412,1.304,1.361,1.247,1.222,1.913,1.934,1.537,2.185,1.741,1.431,1.240,1.966,1.360,1.454,1.758,1.702,1.319,1.740,2.428,2.062,1.742,1.440,1.182,1.169,1.481,1.261,1.172,1.645,1.623,1.366,1.946,2.523,1.701,1.468,1.184,1.187,1.264,1.206,1.173,1.691,1.797,1.151,1.489,2.215,1.760,1.674,1.463,1.677,1.166,1.115,1.726,1.481,1.782,1.549,1.631,2.117,1.846,1.894,1.256,1.479,1.122,1.424,1.536,1.760,1.194,1.723,2.330,2.533,1.887,1.718,1.524,1.284,1.193,1.180,1.114,1.090,2.101,2.384,2.126,2.132,1.853,2.032,1.858,1.895,1.373,1.390,1.240,1.246,1.529,2.150,1.687,2.584
5:29:15,30.2,2.091,1.647,1.579,1.439,1.384,1.436,1.427,1.242,1.391,1.483,1.567,1.937,1.767,1.457,1.258,1.165,1.428,1.324,1.749,1.203,1.110,1.396,2.335,1.774,1.765,1.461,1.207,1.195,1.518,1.256,1.186,1.685,1.754,1.320,1.663,2.164,1.730,1.486,1.205,1.210,1.245,1.275,1.395,1.737,1.796,1.267,1.432,1.962,1.808,1.742,1.538,1.675,1.355,1.132,1.430,1.505,1.744,1.579,1.706,2.018,2.018,1.924,1.345,1.558,1.153,1.633,1.178,1.851,1.364,1.722,2.386,2.336,1.914,1.797,1.651,1.354,1.223,1.209,1.185,1.176,1.522,2.407,2.029,2.181,1.881,2.109,1.897,1.951,1.395,1.419,1.290,1.286,1.671,2.173,1.715,2.527
5:39:15,30.2,1.806,1.674,1.605,1.456,1.460,1.516,1.508,1.297,1.283,1.433,1.735,1.802,1.782,1.480,1.285,1.209,1.482,1.371,1.730,1.219,1.155,1.241,2.066,1.812,1.790,1.495,1.230,1.256,1.619,1.579,1.397,1.737,1.773,1.264,1.438,1.996,1.746,1.512,1.230,1.244,1.239,1.464,1.632,1.830,1.802,1.415,1.560,1.881,1.917,1.846,1.598,1.659,1.265,1.167,1.178,1.552,1.586,1.597,1.825,2.099,2.063,1.935,1.477,1.595,1.178,1.522,1.211,1.819,1.460,1.802,2.363,2.233,1.944,1.906,1.691,1.470,1.404,1.231,1.356,1.428,1.254,2.308,2.069,2.217,1.960,2.124,1.940,1.974,1.474,1.451,1.467,1.317,1.844,2.259,1.735,2.478
5:49:15,30.2,1.835,1.706,1.630,1.492,1.443,1.593,1.515,1.311,1.320,1.459,1.747,1.834,1.813,1.512,1.319,1.245,1.538,1.614,1.704,1.445,1.188,1.231,1.608,1.837,1.822,1.520,1.263,1.266,1.722,1.800,1.634,1.689,1.748,1.183,1.514,1.932,1.778,1.542,1.259,1.283,1.251,1.795,1.748,1.898,1.813,1.492,1.470,1.832,1.896,1.814,1.632,1.686,1.368,1.189,1.232,1.591,1.682,1.670,1.743,2.041,2.029,1.941,1.532,1.586,1.211,1.240,1.232,1.787,1.525,1.688,2.184,2.242,1.949,1.912,1.700,1.491,1.449,1.261,1.469,1.486,1.203,1.710,2.116,2.275,1.935,2.092,1.954,2.020,1.537,1.489,1.516,1.349,1.883,2.282,1.766,2.309
5:59:15,30.2,1.945,1.736,1.655,1.523,1.538,1.748,1.604,1.532,1.372,1.579,1.872,1.855,1.867,1.538,1.347,1.254,1.635,1.711,1.722,1.760,1.205,1.303,1.692,1.863,1.845,1.548,1.322,1.366,1.782,1.822,1.742,1.750,1.665,1.296,1.454,2.065,1.802,1.624,1.296,1.327,1.494,1.865,1.810,1.997,1.835,1.600,1.554,1.921,1.967,1.919,1.686,1.751,1.241,1.298,1.525,1.602,1.827,1.733,1.751,2.111,2.044,2.019,1.616,1.671,1.240,1.254,1.446,1.786,1.600,1.762,1.923,2.328,2.013,1.998,1.823,1.587,1.570,1.307,1.458,1.549,1.236,1.334,2.158,2.263,2.008,2.154,1.995,2.072,1.609,1.520,1.585,1.382,1.938,2.224,1.986,2.011
6:09:15,30.2,2.224,1.764,1.680,1.558,1.568,1.875,1.698,1.591,1.457,1.669,1.996,1.888,1.914,1.563,1.377,1.292,1.735,1.905,1.676,1.842,1.234,1.353,1.562,1.949,1.873,1.575,1.369,1.424,1.897,2.017,1.973,1.883,1.669,1.268,1.485,1.988,1.832,1.650,1.349,1.354,1.632,2.037,1.852,2.063,1.822,1.674,1.579,1.904,1.978,1.997,1.747,1.872,1.478,1.594,1.636,1.691,1.939,1.771,1.653,2.016,2.061,2.099,1.653,1.741,1.268,1.327,1.683,1.813,1.648,1.688,1.760,2.361,2.063,2.017,1.885,1.629,1.648,1.404,1.528,1.568,1.272,1.384,2.058,2.196,2.055,2.179,2.032,2.155,1.666,1.553,1.582,1.416,1.927,2.042,2.153,2.044
6:19:15,30.2,2.259,1.792,1.717,1.619,1.671,1.947,1.806,1.690,1.582,1.814,2.057,1.947,1.988,1.618,1.679,1.404,1.841,1.962,1.767,1.964,1.337,1.406,1.612,2.123,1.916,1.694,1.455,1.569,1.867,2.178,2.122,1.974,1.822,1.418,1.439,1.877,1.900,1.711,1.432,1.529,1.981,2.202,2.125,2.137,1.960,1.753,1.589,1.965,2.108,2.111,1.835,1.975,1.340,1.657,1.239,1.699,2.025,1.860,1.817,2.038,2.178,2.204,1.785,1.884,1.377,1.367,1.249,1.892,1.712,1.711,1.814,2.267,2.174,2.144,1.958,1.749,1.761,1.327,1.364,1.667,1.295,1.412,2.015,2.446,2.167,2.264,2.091,2.230,1.797,1.677,1.653,1.433,1.966,2.071,2.142,1.920
6:29:15,30.2,2.135,1.820,1.741,1.676,1.794,2.006,1.904,1.745,1.634,1.820,2.093,2.149,1.991,1.630,1.540,1.416,1.923,2.083,1.806,2.030,1.478,1.581,1.669,2.236,1.928,1.703,1.468,1.630,1.982,2.200,2.165,2.011,1.894,1.624,1.527,2.092,1.912,1.708,1.453,1.657,2.090,2.236,2.148,2.188,1.996,1.832,1.690,2.012,2.125,2.168,1.894,2.047,1.336,1.829,1.335,1.946,2.090,1.933,1.899,2.060,2.208,2.264,1.842,1.962,1.522,1.421,1.412,2.030,1.782,1.795,1.844,2.143,2.248,2.203,2.028,1.831,1.851,1.340,1.582,1.735,1.346,1.444,1.952,2.544,2.222,2.309,2.159,2.282,1.877,1.806,1.732,1.560,2.001,1.800,2.229,2.155
6:39:15,30.3,1.976,1.933,1.786,1.767,1.915,2.077,1.956,1.826,1.724,1.948,2.146,2.268,1.990,1.679,1.580,1.477,2.002,2.140,1.939,2.111,1.580,1.708,1.819,2.307,1.997,1.723,1.611,1.760,2.053,2.259,2.201,2.048,2.018,1.735,1.673,2.250,1.947,1.794,1.560,1.771,2.200,2.296,2.198,2.214,2.058,1.955,1.756,2.056,2.233,2.211,1.953,2.100,1.548,1.883,1.378,2.038,2.150,2.022,1.959,2.073,2.301,2.329,1.902,2.041,1.639,1.582,1.532,2.093,1.851,1.850,1.843,2.130,2.311,2.267,2.092,1.900,1.966,1.471,1.772,1.792,1.482,1.483,2.068,2.627,2.295,2.365,2.228,2.329,1.944,1.798,1.816,1.796,2.044,1.924,2.394,2.332
6:49:15,30.3,2.010,2.111,1.933,1.872,1.995,2.158,2.053,1.981,1.816,2.094,2.233,2.367,2.138,1.770,1.665,1.569,2.085,2.305,2.041,2.187,1.709,1.808,1.914,2.395,2.148,1.910,1.752,1.861,2.213,2.363,2.280,2.111,2.066,1.841,1.841,2.333,2.075,2.018,1.755,1.849,2.352,2.393,2.310,2.247,2.135,2.050,1.872,2.227,2.332,2.159,2.027,2.240,1.503,1.643,1.485,2.096,2.206,2.117,2.082,2.214,2.379,2.419,1.955,2.103,1.468,1.865,1.671,2.084,1.932,1.986,1.853,2.258,2.381,2.297,2.139,1.917,2.060,1.899,1.959,1.933,1.488,1.793,2.196,2.691,2.375,2.455,2.313,2.387,2.069,1.911,1.918,1.835,2.194,2.314,2.466,2.536
6:59:15,30.2,2.072,2.150,2.019,1.979,2.043,2.210,2.115,2.098,1.885,2.170,2.302,2.446,2.238,1.862,1.781,1.683,2.139,2.346,2.094,2.247,1.804,1.876,1.996,2.447,2.190,1.998,1.814,1.918,2.286,2.387,2.299,2.149,2.145,1.935,1.905,2.380,2.170,2.082,1.851,1.950,2.367,2.417,2.314,2.279,2.181,2.115,1.979,2.284,2.395,2.276,2.114,2.325,1.782,1.918,1.693,2.138,2.259,2.188,2.142,2.304,2.436,2.501,2.035,2.172,1.646,1.826,1.593,2.175,2.054,2.073,1.897,2.388,2.405,2.345,2.169,1.925,2.121,2.080,2.195,2.048,1.564,1.903,2.277,2.759,2.416,2.502,2.377,2.491,2.167,2.035,2.033,1.878,2.270,2.421,2.571,2.617
7:09:15,30.3,2.246,2.204,2.130,2.061,2.100,2.269,2.176,2.155,2.047,2.243,2.374,2.508,2.295,2.005,1.911,1.826,2.195,2.393,2.157,2.289,1.923,1.971,2.051,2.502,2.257,2.079,1.879,1.956,2.369,2.423,2.332,2.188,2.184,2.032,2.018,2.460,2.259,2.153,1.925,1.961,2.403,2.450,2.355,2.314,2.223,2.183,2.088,2.352,2.442,2.302,2.098,2.392,2.086,1.823,1.896,2.181,2.324,2.270,2.195,2.374,2.486,2.574,2.098,2.306,1.826,1.965,1.864,2.236,2.163,2.139,2.004,2.462,2.379,2.296,2.136,2.027,2.182,2.241,2.321,2.133,1.482,2.018,2.344,2.792,2.461,2.549,2.423,2.580,2.226,2.208,2.115,1.916,2.341,2.506,2.589,2.683
7:19:15,30.3,2.320,2.243,2.194,2.157,2.151,2.310,2.224,2.199,2.131,2.265,2.458,2.539,2.308,2.054,1.996,1.951,2.237,2.418,2.187,2.335,2.016,2.047,2.128,2.540,2.285,2.125,1.900,1.985,2.408,2.435,2.354,2.204,2.231,2.098,2.085,2.518,2.302,2.154,1.955,2.079,2.428,2.456,2.379,2.329,2.254,2.242,2.151,2.395,2.454,2.477,2.223,2.422,2.227,2.003,1.957,2.218,2.366,2.333,2.231,2.417,2.533,2.651,2.193,2.398,1.998,2.001,1.943,2.282,2.268,2.190,2.060,2.509,2.430,2.458,2.251,2.140,2.247,2.336,2.331,2.222,1.479,2.068,2.398,2.815,2.488,2.594,2.500,2.613,2.309,2.337,2.179,2.090,2.404,2.557,2.660,2.715
7:29:15,30.2,2.334,2.268,2.230,2.194,2.167,2.346,2.260,2.224,2.153,2.288,2.498,2.543,2.337,2.098,2.046,2.011,2.279,2.435,2.215,2.378,2.081,2.085,2.204,2.585,2.308,2.144,1.928,2.014,2.455,2.457,2.374,2.215,2.251,2.148,2.121,2.551,2.344,2.163,1.997,2.222,2.445,2.480,2.400,2.355,2.282,2.305,2.201,2.435,2.505,2.572,2.356,2.447,2.285,2.148,2.069,2.247,2.401,2.402,2.274,2.463,2.584,2.744,2.313,2.443,2.169,1.970,2.073,2.330,2.330,2.222,2.131,2.556,2.494,2.580,2.372,2.281,2.338,2.389,2.373,2.325,1.677,2.167,2.452,2.842,2.525,2.619,2.573,2.625,2.384,2.468,2.250,2.192,2.479,2.623,2.708,2.749
7:39:15,30.3,2.377,2.262,2.282,2.243,2.169,2.411,2.308,2.261,2.215,2.334,2.506,2.569,2.365,2.179,2.100,2.070,2.370,2.464,2.242,2.423,2.144,2.136,2.255,2.646,2.349,2.193,1.960,2.045,2.470,2.485,2.405,2.247,2.272,2.198,2.221,2.611,2.355,2.188,2.057,2.361,2.466,2.499,2.423,2.374,2.318,2.394,2.270,2.483,2.570,2.688,2.433,2.480,2.350,2.109,2.162,2.278,2.436,2.449,2.363,2.525,2.661,2.784,2.407,2.465,2.320,2.143,2.162,2.367,2.357,2.274,2.218,2.622,2.600,2.581,2.436,2.361,2.432,2.431,2.406,2.377,2.067,2.283,2.540,2.874,2.568,2.672,2.639,2.653,2.481,2.528,2.377,2.334,2.554,2.691,2.760,2.777
7:49:15,30.3,2.402,2.205,2.305,2.262,2.184,2.455,2.344,2.287,2.252,2.372,2.543,2.600,2.370,2.210,2.146,2.107,2.428,2.476,2.267,2.451,2.196,2.172,2.296,2.698,2.369,2.225,1.995,2.176,2.494,2.499,2.414,2.269,2.299,2.239,2.278,2.660,2.355,2.228,2.124,2.423,2.480,2.511,2.433,2.396,2.348,2.430,2.332,2.514,2.645,2.741,2.489,2.499,2.374,2.169,2.212,2.302,2.457,2.464,2.423,2.577,2.722,2.828,2.478,2.486,2.360,2.152,2.214,2.391,2.394,2.337,2.273,2.680,2.682,2.671,2.495,2.426,2.471,2.457,2.422,2.392,2.239,2.348,2.592,2.888,2.608,2.724,2.676,2.671,2.525,2.555,2.457,2.426,2.591,2.712,2.782,2.803
7:59:15,30.2,2.425,2.196,2.338,2.291,2.180,2.487,2.396,2.311,2.280,2.417,2.571,2.639,2.362,2.253,2.172,2.136,2.458,2.487,2.285,2.465,2.236,2.244,2.351,2.756,2.400,2.251,1.990,2.268,2.506,2.501,2.428,2.287,2.329,2.281,2.354,2.713,2.376,2.288,2.200,2.463,2.483,2.524,2.453,2.409,2.365,2.461,2.385,2.561,2.718,2.764,2.517,2.509,2.402,2.246,2.243,2.325,2.468,2.482,2.457,2.632,2.785,2.852,2.516,2.508,2.391,2.173,2.253,2.417,2.422,2.404,2.314,2.729,2.727,2.713,2.551,2.470,2.497,2.475,2.440,2.404,2.335,2.429,2.633,2.910,2.646,2.761,2.706,2.693,2.561,2.577,2.485,2.471,2.615,2.733,2.808,2.821
8:09:15,30.2,2.288,2.348,2.207,2.320,2.197,2.524,2.466,2.345,2.313,2.438,2.628,2.675,2.422,2.176,2.199,2.167,2.472,2.504,2.317,2.489,2.290,2.301,2.420,2.814,2.414,2.226,2.032,2.394,2.525,2.524,2.461,2.317,2.349,2.365,2.442,2.777,2.426,2.366,2.285,2.504,2.490,2.538,2.467,2.440,2.413,2.484,2.433,2.634,2.810,2.803,2.548,2.530,2.429,2.252,2.337,2.362,2.489,2.490,2.485,2.686,2.837,2.883,2.575,2.530,2.438,2.229,2.351,2.447,2.457,2.462,2.392,2.780,2.809,2.786,2.634,2.524,2.519,2.498,2.465,2.437,2.397,2.508,2.662,2.923,2.691,2.832,2.729,2.704,2.603,2.601,2.512,2.506,2.625,2.760,2.829,2.842
8:19:15,30.3,2.302,2.288,2.340,2.325,2.276,2.536,2.470,2.350,2.336,2.453,2.630,2.709,2.461,2.308,2.222,2.192,2.491,2.510,2.330,2.501,2.312,2.319,2.439,2.838,2.448,2.350,2.133,2.415,2.535,2.520,2.454,2.317,2.386,2.377,2.463,2.796,2.522,2.505,2.376,2.515,2.507,2.528,2.491,2.430,2.410,2.501,2.442,2.647,2.825,2.810,2.556,2.534,2.445,2.287,2.345,2.364,2.492,2.500,2.500,2.700,2.869,2.886,2.579,2.545,2.440,2.259,2.350,2.450,2.476,2.466,2.433,2.793,2.846,2.827,2.651,2.542,2.530,2.509,2.473,2.448,2.425,2.527,2.673,2.930,2.738,2.841,2.741,2.718,2.609,2.607,2.532,2.517,2.641,2.770,2.841,2.849
8:29:15,30.2,2.504,2.468,2.217,2.311,2.272,2.549,2.517,2.387,2.359,2.477,2.686,2.750,2.597,2.256,2.247,2.229,2.501,2.519,2.363,2.515,2.383,2.376,2.502,2.885,2.441,2.345,2.167,2.484,2.542,2.535,2.481,2.342,2.396,2.437,2.522,2.834,2.561,2.553,2.468,2.543,2.508,2.547,2.491,2.465,2.448,2.515,2.480,2.676,2.870,2.842,2.587,2.542,2.460,2.357,2.420,2.401,2.510,2.514,2.518,2.725,2.897,2.917,2.617,2.559,2.461,2.294,2.418,2.472,2.490,2.503,2.509,2.823,2.870,2.843,2.688,2.561,2.554,2.518,2.490,2.466,2.460,2.568,2.701,2.946,2.757,2.880,2.758,2.728,2.642,2.625,2.548,2.536,2.654,2.790,2.858,2.865
8:39:15,30.3,2.597,2.535,2.264,2.239,2.335,2.567,2.529,2.426,2.391,2.506,2.699,2.771,2.671,2.284,2.264,2.250,2.519,2.530,2.380,2.527,2.422,2.427,2.543,2.899,2.412,2.426,2.257,2.504,2.550,2.544,2.491,2.358,2.422,2.456,2.523,2.858,2.654,2.642,2.498,2.552,2.514,2.559,2.504,2.471,2.462,2.530,2.498,2.696,2.892,2.850,2.596,2.552,2.475,2.358,2.430,2.414,2.518,2.524,2.537,2.739,2.902,2.927,2.622,2.570,2.472,2.320,2.429,2.484,2.504,2.518,2.540,2.836,2.898,2.872,2.708,2.577,2.559,2.526,2.496,2.479,2.481,2.585,2.707,2.950,2.780,2.886,2.768,2.737,2.648,2.633,2.559,2.546,2.662,2.806,2.866,2.870
8:49:15,30.3,2.626,2.547,2.216,2.280,2.354,2.572,2.537,2.443,2.404,2.515,2.705,2.780,2.691,2.273,2.287,2.260,2.529,2.534,2.381,2.532,2.437,2.442,2.579,2.910,2.388,2.436,2.255,2.516,2.561,2.542,2.487,2.362,2.449,2.465,2.536,2.871,2.724,2.681,2.516,2.561,2.525,2.548,2.521,2.468,2.466,2.545,2.505,2.708,2.908,2.857,2.602,2.555,2.487,2.362,2.444,2.421,2.522,2.529,2.547,2.751,2.929,2.922,2.627,2.575,2.475,2.326,2.443,2.488,2.519,2.525,2.557,2.845,2.910,2.885,2.720,2.592,2.565,2.534,2.507,2.485,2.499,2.587,2.715,2.956,2.800,2.899,2.784,2.741,2.660,2.638,2.576,2.554,2.668,2.818,2.875,2.872
8:59:15,30.3,2.746,2.679,2.393,2.180,2.404,2.586,2.554,2.505,2.443,2.553,2.736,2.761,2.796,2.439,2.261,2.298,2.538,2.543,2.424,2.549,2.473,2.494,2.615,2.923,2.543,2.563,2.398,2.541,2.561,2.559,2.510,2.387,2.467,2.495,2.550,2.883,2.807,2.746,2.560,2.572,2.530,2.570,2.517,2.504,2.497,2.556,2.519,2.731,2.936,2.864,2.618,2.566,2.497,2.409,2.474,2.453,2.537,2.535,2.559,2.767,2.950,2.945,2.644,2.578,2.490,2.357,2.476,2.506,2.519,2.540,2.591,2.862,2.946,2.905,2.737,2.591,2.570,2.543,2.516,2.498,2.509,2.597,2.724,2.966,2.826,2.915,2.789,2.755,2.667,2.648,2.576,2.569,2.685,2.820,2.886,2.873
9:09:15,30.3,2.756,2.680,2.402,2.220,2.405,2.593,2.562,2.510,2.451,2.562,2.744,2.774,2.796,2.419,2.333,2.334,2.552,2.548,2.422,2.551,2.488,2.501,2.628,2.923,2.600,2.560,2.392,2.548,2.571,2.559,2.509,2.391,2.475,2.499,2.557,2.894,2.805,2.749,2.566,2.579,2.536,2.559,2.536,2.491,2.497,2.563,2.529,2.736,2.934,2.872,2.624,2.571,2.508,2.409,2.478,2.453,2.540,2.543,2.570,2.777,2.962,2.944,2.646,2.590,2.492,2.358,2.479,2.511,2.530,2.546,2.598,2.860,2.951,2.921,2.750,2.608,2.585,2.550,2.522,2.504,2.522,2.598,2.720,2.981,2.838,2.923,2.800,2.766,2.682,2.654,2.585,2.576,2.683,2.840,2.883,2.873
9:19:15,30.3,2.815,2.740,2.584,2.245,2.477,2.605,2.573,2.530,2.509,2.607,2.764,2.795,2.853,2.575,2.300,2.369,2.553,2.557,2.449,2.561,2.496,2.526,2.650,2.931,2.749,2.647,2.479,2.562,2.573,2.568,2.524,2.419,2.494,2.511,2.569,2.905,2.858,2.785,2.587,2.583,2.537,2.572,2.531,2.524,2.517,2.577,2.538,2.748,2.955,2.881,2.632,2.577,2.516,2.433,2.503,2.480,2.545,2.547,2.579,2.784,2.975,2.956,2.651,2.586,2.510,2.395,2.502,2.520,2.531,2.552,2.619,2.866,2.970,2.928,2.748,2.607,2.585,2.555,2.529,2.514,2.529,2.614,2.730,2.986,2.866,2.937,2.811,2.777,2.683,2.663,2.588,2.587,2.697,2.843,2.892,2.878
9:29:15,30.2,2.805,2.738,2.541,2.227,2.459,2.608,2.582,2.534,2.502,2.605,2.770,2.806,2.850,2.518,2.321,2.377,2.570,2.559,2.434,2.562,2.505,2.526,2.658,2.936,2.768,2.631,2.465,2.568,2.583,2.570,2.521,2.408,2.493,2.518,2.575,2.909,2.851,2.785,2.593,2.594,2.553,2.560,2.549,2.504,2.497,2.579,2.543,2.757,2.962,2.881,2.636,2.577,2.527,2.459,2.510,2.471,2.548,2.548,2.583,2.789,2.981,2.953,2.656,2.601,2.502,2.378,2.507,2.524,2.544,2.553,2.626,2.861,2.975,2.936,2.765,2.624,2.598,2.563,2.539,2.513,2.540,2.614,2.733,2.990,2.870,2.942,2.808,2.779,2.691,2.663,2.599,2.598,2.698,2.852,2.899,2.879
9:39:15,30.3,2.845,2.779,2.674,2.322,2.534,2.616,2.589,2.549,2.549,2.642,2.786,2.827,2.889,2.664,2.345,2.347,2.569,2.561,2.464,2.571,2.510,2.539,2.666,2.946,2.849,2.697,2.523,2.580,2.584,2.579,2.531,2.434,2.510,2.522,2.588,2.911,2.892,2.815,2.603,2.593,2.551,2.584,2.552,2.531,2.526,2.587,2.552,2.768,2.973,2.891,2.642,2.581,2.532,2.460,2.515,2.497,2.558,2.553,2.591,2.800,2.993,2.969,2.667,2.595,2.518,2.412,2.519,2.537,2.543,2.560,2.628,2.868,2.992,2.946,2.761,2.618,2.594,2.564,2.544,2.525,2.549,2.629,2.742,3.000,2.886,2.952,2.825,2.785,2.688,2.670,2.600,2.601,2.706,2.862,2.901,2.887
9:49:15,30.2,2.860,2.800,2.731,2.394,2.581,2.622,2.599,2.562,2.577,2.660,2.792,2.847,2.911,2.717,2.388,2.399,2.577,2.568,2.480,2.579,2.522,2.551,2.678,2.955,2.886,2.732,2.551,2.590,2.583,2.583,2.539,2.458,2.523,2.530,2.599,2.918,2.912,2.819,2.612,2.596,2.550,2.586,2.552,2.548,2.536,2.593,2.558,2.775,2.979,2.901,2.647,2.587,2.535,2.476,2.534,2.512,2.563,2.556,2.595,2.806,3.007,2.963,2.672,2.596,2.526,2.422,2.532,2.546,2.548,2.567,2.637,2.878,3.003,2.954,2.775,2.627,2.603,2.572,2.545,2.530,2.557,2.633,2.745,3.013,2.908,2.966,2.823,2.791,2.694,2.678,2.607,2.610,2.714,2.869,2.905,2.884
9:59:15,30.3,2.865,2.809,2.750,2.430,2.593,2.633,2.603,2.574,2.585,2.675,2.803,2.861,2.918,2.733,2.405,2.396,2.586,2.573,2.482,2.582,2.530,2.554,2.681,2.959,2.897,2.755,2.570,2.595,2.591,2.593,2.545,2.451,2.525,2.532,2.602,2.921,2.923,2.828,2.616,2.607,2.556,2.583,2.561,2.546,2.541,2.599,2.555,2.781,2.978,2.901,2.653,2.592,2.542,2.492,2.533,2.513,2.566,2.555,2.598,2.808,3.005,2.973,2.673,2.601,2.530,2.430,2.531,2.549,2.554,2.570,2.641,2.875,3.003,2.952,2.780,2.629,2.607,2.578,2.555,2.534,2.561,2.637,2.746,3.009,2.909,2.968,2.832,2.791,2.699,2.682,2.611,2.616,2.716,2.874,2.911,2.886
10:09:15,30.3,2.876,2.824,2.782,2.530,2.622,2.638,2.611,2.583,2.600,2.685,2.818,2.886,2.940,2.762,2.471,2.430,2.592,2.580,2.499,2.590,2.540,2.562,2.692,2.968,2.918,2.767,2.580,2.598,2.593,2.602,2.554,2.478,2.543,2.541,2.616,2.919,2.927,2.833,2.619,2.608,2.558,2.589,2.565,2.566,2.551,2.596,2.559,2.787,2.993,2.902,2.651,2.596,2.545,2.495,2.539,2.530,2.570,2.560,2.593,2.809,3.015,2.966,2.674,2.604,2.533,2.443,2.536,2.555,2.556,2.568,2.647,2.882,3.017,2.964,2.780,2.636,2.612,2.580,2.559,2.538,2.569,2.645,2.749,3.012,2.921,2.976,2.828,2.796,2.704,2.684,2.616,2.618,2.718,2.873,2.911,2.889
10:19:15,30.2,2.873,2.821,2.776,2.516,2.617,2.639,2.613,2.591,2.601,2.690,2.822,2.885,2.936,2.755,2.454,2.414,2.597,2.577,2.487,2.587,2.544,2.567,2.691,2.970,2.912,2.773,2.585,2.603,2.599,2.606,2.554,2.451,2.533,2.540,2.614,2.925,2.927,2.841,2.624,2.615,2.572,2.580,2.575,2.550,2.541,2.604,2.562,2.795,2.985,2.898,2.659,2.597,2.560,2.522,2.549,2.521,2.569,2.564,2.599,2.807,3.012,2.979,2.675,2.615,2.530,2.437,2.547,2.556,2.565,2.570,2.647,2.883,3.015,2.970,2.794,2.639,2.610,2.579,2.562,2.535,2.575,2.650,2.749,3.010,2.924,2.974,2.835,2.802,2.705,2.688,2.615,2.627,2.721,2.882,2.919,2.890
10:29:15,30.3,2.898,2.845,2.799,2.641,2.647,2.652,2.625,2.598,2.619,2.701,2.819,2.903,2.962,2.781,2.562,2.491,2.603,2.585,2.508,2.593,2.561,2.578,2.704,2.979,2.948,2.783,2.594,2.610,2.599,2.609,2.561,2.489,2.560,2.547,2.627,2.932,2.948,2.849,2.631,2.614,2.568,2.604,2.570,2.572,2.560,2.598,2.566,2.803,2.996,2.909,2.660,2.600,2.555,2.518,2.551,2.541,2.577,2.568,2.602,2.813,3.024,2.981,2.681,2.611,2.538,2.473,2.551,2.567,2.568,2.575,2.658,2.892,3.018,2.978,2.789,2.646,2.623,2.588,2.565,2.546,2.580,2.656,2.753,3.013,2.939,2.990,2.840,2.800,2.712,2.690,2.624,2.633,2.723,2.881,2.910,2.892
10:39:15,30.3,2.917,2.860,2.811,2.671,2.658,2.657,2.628,2.605,2.630,2.709,2.834,2.909,2.975,2.787,2.593,2.514,2.604,2.587,2.514,2.598,2.562,2.579,2.708,2.980,2.961,2.802,2.604,2.613,2.602,2.612,2.567,2.495,2.559,2.551,2.628,2.937,2.950,2.857,2.634,2.619,2.570,2.599,2.578,2.572,2.564,2.603,2.570,2.806,2.997,2.909,2.664,2.603,2.556,2.528,2.560,2.546,2.581,2.568,2.605,2.812,3.026,2.980,2.683,2.613,2.544,2.472,2.556,2.569,2.571,2.579,2.654,2.888,3.023,2.978,2.791,2.643,2.623,2.590,2.567,2.550,2.582,2.655,2.759,3.018,2.948,2.988,2.837,2.800,2.718,2.694,2.631,2.636,2.732,2.883,2.917,2.895
10:49:15,30.3,2.920,2.869,2.817,2.700,2.660,2.658,2.630,2.609,2.634,2.712,2.838,2.910,2.979,2.795,2.623,2.545,2.605,2.594,2.522,2.603,2.567,2.587,2.712,2.983,2.959,2.806,2.609,2.614,2.602,2.623,2.575,2.502,2.570,2.554,2.636,2.942,2.958,2.857,2.634,2.621,2.567,2.601,2.580,2.583,2.572,2.607,2.570,2.807,3.001,2.910,2.662,2.609,2.557,2.533,2.563,2.553,2.584,2.570,2.603,2.815,3.023,2.982,2.687,2.618,2.548,2.481,2.558,2.577,2.569,2.577,2.657,2.892,3.031,2.980,2.801,2.650,2.631,2.592,2.570,2.553,2.590,2.661,2.759,3.033,2.952,2.993,2.840,2.804,2.724,2.696,2.636,2.639,2.731,2.886,2.922,2.892
10:59:15,30.3,2.929,2.875,2.825,2.711,2.669,2.655,2.635,2.615,2.639,2.722,2.842,2.925,2.983,2.805,2.635,2.556,2.605,2.594,2.521,2.606,2.571,2.592,2.715,2.983,2.977,2.817,2.613,2.616,2.606,2.623,2.576,2.503,2.572,2.552,2.636,2.945,2.948,2.860,2.635,2.623,2.573,2.600,2.591,2.585,2.567,2.606,2.573,2.808,3.000,2.906,2.667,2.608,2.567,2.546,2.568,2.556,2.584,2.569,2.607,2.819,3.029,2.989,2.684,2.616,2.547,2.481,2.562,2.579,2.572,2.577,2.659,2.897,3.031,2.972,2.800,2.651,2.627,2.597,2.573,2.555,2.595,2.662,2.759,3.021,2.957,2.992,2.836,2.807,2.723,2.698,2.639,2.643,2.732,2.886,2.929,2.895
11:09:15,30.3,2.938,2.879,2.830,2.723,2.672,2.659,2.639,2.621,2.645,2.725,2.849,2.922,2.982,2.812,2.652,2.572,2.610,2.596,2.529,2.612,2.576,2.592,2.721,2.991,2.975,2.822,2.616,2.617,2.604,2.625,2.585,2.514,2.579,2.557,2.639,2.949,2.958,2.859,2.634,2.625,2.571,2.604,2.589,2.596,2.573,2.613,2.576,2.805,3.000,2.912,2.666,2.614,2.569,2.541,2.573,2.565,2.585,2.571,2.608,2.815,3.037,2.987,2.686,2.617,2.549,2.490,2.568,2.586,2.577,2.581,2.663,2.892,3.028,2.982,2.796,2.657,2.633,2.599,2.575,2.559,2.597,2.665,2.762,3.034,2.956,2.997,2.846,2.805,2.719,2.703,2.640,2.645,2.730,2.889,2.922,2.897
11:19:15,30.3,2.939,2.888,2.839,2.725,2.678,2.656,2.639,2.621,2.648,2.729,2.847,2.928,2.984,2.810,2.656,2.583,2.613,2.598,2.522,2.607,2.579,2.594,2.724,2.989,2.978,2.830,2.622,2.622,2.613,2.627,2.582,2.501,2.581,2.557,2.639,2.948,2.963,2.853,2.639,2.632,2.587,2.596,2.597,2.591,2.572,2.610,2.573,2.812,3.008,2.916,2.677,2.613,2.580,2.558,2.577,2.562,2.589,2.573,2.611,2.816,3.035,2.992,2.686,2.622,2.551,2.480,2.571,2.587,2.575,2.583,2.665,2.899,3.033,2.983,2.797,2.652,2.629,2.600,2.580,2.557,2.599,2.669,2.760,3.039,2.961,3.003,2.848,2.809,2.717,2.704,2.641,2.651,2.739,2.888,2.931,2.899
11:29:15,30.3,2.946,2.886,2.845,2.734,2.677,2.661,2.648,2.627,2.651,2.732,2.852,2.936,2.993,2.817,2.662,2.587,2.617,2.599,2.530,2.612,2.578,2.601,2.727,2.998,2.987,2.826,2.623,2.624,2.614,2.632,2.589,2.512,2.579,2.560,2.642,2.955,2.962,2.862,2.640,2.627,2.588,2.599,2.598,2.596,2.576,2.612,2.575,2.817,3.011,2.914,2.678,2.616,2.579,2.563,2.583,2.570,2.585,2.577,2.613,2.818,3.036,2.989,2.686,2.620,2.554,2.493,2.578,2.592,2.576,2.586,2.668,2.907,3.038,2.986,2.803,2.658,2.634,2.600,2.577,2.561,2.603,2.670,2.765,3.040,2.965,2.998,2.847,2.802,2.724,2.703,2.641,2.655,2.736,2.889,2.931,2.900
11:39:15,30.3,2.949,2.892,2.850,2.741,2.683,2.664,2.649,2.632,2.656,2.737,2.860,2.934,2.996,2.820,2.667,2.602,2.614,2.603,2.540,2.615,2.581,2.602,2.733,3.002,2.986,2.829,2.621,2.628,2.616,2.635,2.592,2.530,2.593,2.565,2.648,2.957,2.966,2.867,2.650,2.635,2.586,2.611,2.597,2.604,2.587,2.619,2.584,2.815,3.012,2.919,2.676,2.617,2.576,2.557,2.585,2.577,2.595,2.582,2.614,2.823,3.036,2.994,2.694,2.627,2.555,2.507,2.584,2.595,2.582,2.584,2.672,2.906,3.045,2.995,2.808,2.662,2.641,2.604,2.583,2.566,2.604,2.673,2.773,3.043,2.971,3.007,2.854,2.814,2.729,2.705,2.652,2.654,2.738,2.891,2.930,2.897
11:49:15,30.2,2.957,2.897,2.857,2.748,2.683,2.662,2.648,2.636,2.659,2.741,2.862,2.942,3.003,2.829,2.674,2.605,2.618,2.602,2.539,2.619,2.586,2.608,2.736,3.007,2.999,2.833,2.630,2.630,2.615,2.635,2.594,2.524,2.592,2.562,2.652,2.956,2.969,2.861,2.643,2.634,2.592,2.601,2.605,2.606,2.586,2.619,2.580,2.819,3.020,2.918,2.678,2.614,2.581,2.569,2.588,2.579,2.592,2.584,2.611,2.821,3.040,2.998,2.692,2.629,2.556,2.503,2.587,2.596,2.582,2.585,2.672,2.905,3.045,2.989,2.808,2.660,2.637,2.608,2.587,2.567,2.605,2.678,2.772,3.043,2.968,2.999,2.849,2.817,2.728,2.709,2.651,2.659,2.738,2.893,2.938,2.897
11:59:15,30.2,2.956,2.897,2.861,2.757,2.688,2.662,2.651,2.634,2.662,2.744,2.865,2.943,3.003,2.835,2.681,2.613,2.619,2.605,2.546,2.619,2.587,2.610,2.737,3.007,2.991,2.838,2.631,2.630,2.617,2.638,2.597,2.537,2.598,2.562,2.652,2.958,2.970,2.864,2.648,2.633,2.592,2.608,2.600,2.612,2.591,2.622,2.583,2.820,3.022,2.923,2.679,2.622,2.581,2.571,2.592,2.580,2.596,2.586,2.614,2.818,3.039,2.994,2.689,2.630,2.560,2.510,2.588,2.605,2.587,2.590,2.672,2.907,3.045,3.006,2.808,2.665,2.642,2.612,2.587,2.571,2.610,2.679,2.769,3.039,2.966,3.003,2.856,2.816,2.733,2.706,2.655,2.658,2.739,2.894,2.931,2.898
12:09:15,30.3,2.959,2.901,2.862,2.763,2.688,2.662,2.652,2.638,2.666,2.745,2.866,2.949,3.005,2.839,2.682,2.618,2.620,2.607,2.546,2.621,2.589,2.607,2.735,3.006,2.996,2.840,2.635,2.630,2.623,2.641,2.597,2.534,2.597,2.569,2.652,2.960,2.969,2.868,2.645,2.637,2.595,2.608,2.606,2.615,2.589,2.626,2.586,2.819,3.022,2.922,2.683,2.619,2.588,2.577,2.598,2.583,2.598,2.585,2.613,2.824,3.036,2.991,2.689,2.630,2.561,2.506,2.591,2.601,2.591,2.591,2.677,2.916,3.046,2.990,2.807,2.666,2.639,2.610,2.590,2.572,2.615,2.681,2.771,3.051,2.966,3.003,2.855,2.818,2.729,2.710,2.656,2.662,2.744,2.900,2.934,2.897

