

Software Version,3.11.19



Experiment File Path:,C:\Shared Files\Data\GSF-IMS-Yeast\2025-03-14_URA-assay_16-variants\2025-03-14_URA-assay_16-variants_single-read_1-0_Epoch1.xpt
Protocol File Path:,\\129.6.167.34\Protocols\GSF-IMS-Yeast\Growth Plate w Membrane single read.30C.1C.prt



Plate Number,Plate 1
Date,3/14/2025
Time,5:29:55 PM
Reader Type:,Epoch 2
Reader Serial Number:,18041011
Reading Type,Reader

Procedure Details

Plate Type,Growth Plate w Membrane
Set Temperature,Setpoint 30°C, Gradient 1 °C
,Preheat before moving to next step
Shake,Double Orbital: 0:10 (MM:SS)
,Frequency: 807 cpm (1 mm)
Read,Absorbance Endpoint
,Full Plate
,Wavelengths:  600, 700
,Read Speed: Normal,  Delay: 100 msec,  Measurements/Data Point: 8



Actual Temperature:,30.0



Actual Temperature:,30.0

Results
,1,2,3,4,5,6,7,8,9,10,11,12
A,0.233,0.208,0.207,0.173,0.226,0.230,0.228,0.189,0.237,0.251,0.245,0.211,600
,0.216,0.197,0.203,0.167,0.213,0.220,0.223,0.182,0.225,0.242,0.241,0.205,700
B,0.223,0.220,0.196,0.167,0.237,0.222,0.220,0.190,0.220,0.221,0.219,0.201,600
,0.209,0.217,0.192,0.162,0.225,0.211,0.209,0.180,0.212,0.213,0.215,0.195,700
C,0.190,0.186,0.206,0.195,0.198,0.219,0.234,0.188,0.206,0.235,0.229,0.214,600
,0.181,0.179,0.195,0.184,0.187,0.209,0.223,0.183,0.191,0.225,0.223,0.208,700
D,0.185,0.193,0.201,0.192,0.202,0.219,0.225,0.210,0.207,0.203,0.212,0.190,600
,0.177,0.187,0.197,0.185,0.196,0.211,0.219,0.199,0.196,0.199,0.209,0.188,700
E,0.190,0.200,0.205,0.196,0.226,0.226,0.213,0.211,0.219,0.223,0.227,0.220,600
,0.175,0.197,0.196,0.192,0.214,0.220,0.213,0.202,0.211,0.216,0.220,0.212,700
F,0.187,0.190,0.213,0.189,0.220,0.201,0.206,0.218,0.217,0.212,0.201,0.192,600
,0.175,0.185,0.207,0.181,0.207,0.197,0.198,0.208,0.204,0.204,0.197,0.190,700
G,0.257,0.225,0.154,0.215,0.242,0.251,0.174,0.206,0.240,0.224,0.162,0.218,600
,0.243,0.227,0.148,0.207,0.229,0.234,0.168,0.203,0.230,0.220,0.155,0.213,700
H,0.239,0.212,0.154,0.187,0.222,0.219,0.167,0.206,0.238,0.221,0.170,0.220,600
,0.233,0.205,0.147,0.183,0.209,0.209,0.163,0.200,0.222,0.211,0.157,0.212,700

